Volume,Centroid_1,Centroid_2,Centroid_3,EquivDiameter,PrincipalAxisLength_1,PrincipalAxisLength_2,PrincipalAxisLength_3,Orientation_1,Orientation_2,Orientation_3,EigenVectors_1,EigenVectors_2,EigenVectors_3,EigenVectors_4,EigenVectors_5,EigenVectors_6,EigenVectors_7,EigenVectors_8,EigenVectors_9,EigenValues_1,EigenValues_2,EigenValues_3,Solidity,SurfaceArea,WeightedCentroid_1,WeightedCentroid_2,WeightedCentroid_3,MeanIntensity,MinIntensity,MaxIntensity,sphericity,id,nb_branch_pt,SkeletonSize,MeanWidth,MaxWidth,MinWidth
412,11.9077669902913,1020.20145631068,5.16019417475728,9.23207940609967,10.8637441145346,8.50962593575993,6.75653932840731,-10.7403007395431,-34.1469441662893,-48.0514182695468,0.813102765255543,-0.154229781201864,0.561317261202802,-0.534736857782857,-0.578953209630874,0.615523902043313,-0.230044313257916,0.800641215307165,0.553220804280858,7.37630851163035,4.52585834790988,2.85317648101967,0.893709327548807,289.287310904905,11.8721843296842,1020.41906918095,5.49280678626698,84.6941747572816,0,774,0.925591911331081,1,0,1,3.605551,3.605551,3.605551
374,30.2941176470588,771.280748663102,3.49732620320856,8.93904231874461,11.012854955424,7.7560831240829,6.98665024197502,-76.8307655640518,16.6359173540626,138.990460294832,0.218291931841753,-0.932945446526758,-0.286289060737194,0.691955950053702,0.354837209367022,-0.628718949956102,-0.688146492890921,0.0608551448409517,-0.723015252721761,7.58018589182545,3.75980158923022,3.0508301002306,0.871794871794872,276.704779605191,30.0862223105195,771.465381940995,3.00466871957882,26.9171122994652,0,316,0.907225394827456,2,0,1,3.162278,3.162278,3.162278
542,64.2214022140221,45.570110701107,3.7380073800738,10.1157996997715,11.8198427126334,10.4371052447714,7.19947104817739,-20.7108343540813,1.79517029098466,-6.55995246429428,-0.934918094878624,0.353478154735954,0.0313265062365625,0.347988764253968,0.930518786558949,-0.114186723457056,0.0695124148733221,0.095853961761247,0.992965277435799,8.73179260946206,6.80832286815221,3.23952396084652,0.865814696485623,366.284453708029,64.2284209216475,45.6709527562321,3.61259280766519,44.4815498154982,0,390,0.877671163038495,3,1,10,2.597682,3.162278,2
357,192.50700280112,632.787114845938,3.98039215686275,8.80149671600437,9.38557061006386,8.02092321311697,6.84097797662893,-21.4738469440336,-6.85098890379508,-21.3889895865086,-0.923940149972893,0.363462613262165,-0.119287585392217,0.381347401528697,0.850565825208971,-0.362093822556935,0.0301456234863132,0.380043031441468,0.924477439225751,5.50555847978091,4.02095057441991,2.92493622979513,0.939473684210526,247.904914502595,192.398325808879,632.801072234763,3.96209556057186,29.781512605042,0,374,0.981697757332598,4,0,1,3.605551,3.605551,3.605551
620,343.275806451613,679.204838709677,4.45967741935484,10.5794808243745,18.167070507408,8.03447892763222,7.00828366235415,51.7379511282576,-2.39135444612479,-57.7878479558328,0.618719792344448,0.784502933027993,0.0417248922313932,-0.396686829290432,0.357818740070403,-0.845343308202018,-0.67810425306788,0.506478920908764,0.53259151762523,20.6276531763208,4.03455322741039,3.06975249325126,0.754257907542579,427.570382813295,343.815464607152,679.512223303333,4.40771710046217,53.0451612903226,0,916,0.822377026377295,5,0,12,2.842377,3.316625,2.236068
673,351.1426448737,501.673105497771,5.05349182763744,10.8727352709581,21.1026051393941,8.13570149427305,6.96643070760906,60.0541633533945,11.2238357893471,6.26369010811728,0.489633893238965,0.849925277407313,-0.194642424501327,0.8507241668634,-0.514602377047112,-0.107017687566287,0.191120492114862,0.113187527411651,0.975018738862084,27.8324964793239,4.1368524252448,3.0331973002449,0.688843398157625,482.586813214199,351.448011186148,501.87894564603,4.96846458215571,49.9450222882615,0,466,0.769576947598785,6,0,12,2.507705,3,2
533,354.536585365854,718.418386491557,4.36210131332083,10.0594953813595,13.862908794393,8.88877299234133,6.52561174229258,-72.329036349069,-11.2238333435237,-4.16681599843209,-0.297744613881615,0.93459215050661,-0.194642382630089,0.954589944016785,0.289272362777363,-0.0712708840637791,0.0103045468856532,0.207024182994722,0.9782815565924,12.0112650151036,4.93814283183604,2.66147553819668,0.821263482280431,358.494181381242,355.016449758869,718.391887428156,4.25067714870846,56.7992495309568,0,793,0.886788704605807,7,0,2,2.532248,2.828427,2.236068
576,364.715277777778,619.614583333333,3.39930555555556,10.3230481659372,11.9559085233033,10.1595558579526,6.98834569367192,46.4914754294028,1.23037591913152,-5.86997394239764,-0.68830375878295,-0.725104729737513,0.0214724604447494,-0.722980894784466,0.683259863212975,-0.102247665493342,-0.059468995467516,0.085901631151418,0.994527198393091,8.93398428859971,6.45103595192865,3.05231097089143,0.927536231884058,359.603936796064,364.738622849176,619.429102433332,2.79650745856477,779.538194444444,31,3124,0.930982124994458,8,0,1,4,4,4
644,385.433229813665,556.936335403727,4.49068322981366,10.71426577159,20.4126015598436,8.92818197398868,6.0533787432169,23.62797212689,-3.40375605185734,-32.9050864520496,-0.914550991921877,-0.400089328691365,-0.059371813531355,-0.306947495852983,0.782115128622672,-0.542290660411116,-0.263400299856118,0.477728431901257,0.838090584238287,26.0421439025582,4.98202708504103,2.29021213805189,0.710033076074972,456.994689852317,385.178002589348,556.192213892151,4.37160148134766,51.5729813664596,0,745,0.789157246845937,9,0,11,2.568043,2.828427,2
414,391.978260869565,582.640096618357,4.34299516908213,9.24699393833908,11.0218560598175,7.80410312923501,7.53158333913057,0.626263566920084,-8.17288513479777,27.2274973944552,-0.989784489207018,-0.0108191328723943,-0.142160512411472,-0.074757113548147,0.888432865670633,0.452877927448686,-0.121400324954888,-0.458879057661338,0.880165877287168,7.59258193770848,3.80650160323348,3.54529672464182,0.871578947368421,291.328923457304,391.96853301003,582.51267496969,4.08977185054558,43.8309178743961,0,403,0.922077478373328,10,0,3,3.054092,3.162278,3
862,394.718097447796,744.577726218097,4.18909512761021,11.807815208088,22.7303301694999,8.3705257373861,7.73600883813648,-89.4965546315672,0.840125104883265,1.77053322297588,-0.00878572165714514,0.999853901539446,0.0146624237870954,0.999487977968271,0.00832946804580772,0.0308933950703126,-0.0307667514024428,-0.0149263370732099,0.99941513470115,32.2917443509047,4.37910632001519,3.74036454648286,0.739914163090129,578.972182379438,394.752879113019,744.599087982833,3.7956008583691,64.8723897911833,0,601,0.756538911927872,11,0,15,2.429301,3.605551,2
512,402.5703125,437.029296875,4.416015625,9.9256078543904,15.6510678557933,8.60853123926713,6.37478049813104,26.616968022755,15.758447844727,20.3890829997698,0.860419975545401,0.431184984343071,-0.271582353917772,0.335364351708153,-0.88040060604822,-0.335299156684441,0.383677230606434,-0.197419052137812,0.90211834066667,15.3097453141655,4.63167563108987,2.53986414995948,0.736690647482014,374.015191284258,402.647121456895,437.352327801439,4.19224555735057,53.1953125,0,371,0.827513059318318,12,0,11,2.572778,3,2
825,414.650909090909,462.997575757576,4.35878787878788,11.6363946525489,26.2283348564282,8.20767396593541,7.47980202069799,27.5673240070172,-2.44236165142745,14.4476269016915,-0.885662383980039,-0.462370153978828,-0.0426143439746367,-0.457580294109253,0.853513675329607,0.249268290137827,0.0788822923455138,-0.240267032143283,0.967496427496957,42.995346833808,4.21036949569337,3.49671489180236,0.670731707317073,595.292543128583,414.494002056438,462.686530332457,4.04896606877642,53.0484848484848,0,534,0.714588979913096,13,0,21,2.393655,3,2
938,430.84328358209,521.346481876333,3.63539445628998,12.1451086780855,19.2886463276004,11.2719421654232,6.6620163261987,0.139768815876295,-4.15571737040259,-0.67547007154399,0.997367815944192,0.00243300983647616,0.0724673732230395,0.00158494575019628,-0.999929617295374,0.0117579080833799,-0.0724908798793381,0.0116121022499754,0.997301474688399,23.2532423219533,7.94104251129031,2.77390384565862,0.830088495575221,573.019882019876,430.609946336311,520.143150743585,2.96643878628722,149.394456289979,0,962,0.808691712559216,14,0,8,3.766769,4.123106,3.316625
566,432.093639575972,615.318021201413,3.42402826855124,10.2629592135202,11.3534373057417,10.329225028414,7.09831806909948,31.1231402341994,-6.96181502282899,-7.12416345393841,-0.84974681184221,-0.513068238736284,-0.121207830456814,-0.500020227039429,0.857219218119523,-0.123105583293333,-0.167063246453067,0.0440022100195124,0.984963794866573,8.05628366596294,6.66830560547587,3.14913246313151,0.927868852459016,350.814326684657,432.150722843655,615.264735876648,2.77755079788599,1101.85159010601,104,3393,0.943230330934945,15,0,1,4.89898,4.89898,4.89898
414,428.811594202899,325.932367149758,4.20772946859903,9.24699393833908,11.2238963100516,9.26419160323837,6.28068913747706,-50.3869268097677,-22.4882532911273,-10.862457907241,-0.589115399862848,0.711787451882716,-0.382494011700506,0.802523955545594,0.57064606179914,-0.174121718715922,-0.0943310469564032,0.40953839318853,0.907402864269596,7.87349052367438,5.36407787884452,2.46544100260139,0.857142857142857,301.790782862049,428.92989784336,325.922905788876,3.90251986379115,53.2004830917874,0,497,0.890112801229981,16,0,4,2.997676,3.162278,2.828427
503,439.592445328032,720.337972166998,3.89463220675944,9.86710585983938,14.47755181692,7.27948851340144,7.09374648299318,71.6283665814518,-9.47259599909742,-57.2308247626201,0.310881570516447,0.936091574899563,0.16457585641668,0.470053224730831,-0.301924349010919,0.829392339845552,-0.826076639927177,0.180483381163997,0.533875579222573,13.0999691632252,3.31193456354646,3.14507744781113,0.893428063943162,338.922607543319,439.336512455516,720.223829181495,3.59607117437722,69.831013916501,0,451,0.902461968210977,17,0,4,3.225984,3.741657,3
651,452.41935483871,488.73579109063,4.67741935483871,10.7529457668868,13.1926463694323,11.8599985633994,6.75305176444478,41.5295506612861,-15.9223489846185,-12.8057035968894,0.719892831619797,0.637569589954436,0.274334337894042,0.600996020903991,-0.770307906845786,0.213141998462137,-0.347214766160658,-0.0114344486616404,0.937715926890337,10.8778698893059,8.79122287023976,2.85023175832942,0.794871794871795,430.635855966554,452.514130680534,488.51519653758,4.39804915861891,47.5591397849462,0,382,0.843518468911747,18,0,2,2.828427,2.828427,2.828427
1441,450.961832061069,669.734906315059,4.96877168632894,14.0137743275229,34.2113867353206,15.0554231621475,6.63474295019237,-86.7527509297217,-2.08113628214591,-1.50688852757874,-0.0566074892179186,0.997735854409654,-0.0363146938563744,0.99810321148309,0.0556718234065993,-0.026279788920888,0.0241985824292507,0.0377334454300609,0.998994802641331,73.1511863971044,14.166610411958,2.75123837594546,0.508648076244264,1069.50520745066,451.219215317549,670.126797162151,4.88021198393025,40.5933379597502,0,591,0.576869009144441,19,8,42,2.195071,3.464102,1.414214
488,463.520491803279,728.268442622951,3.19467213114754,9.76803183984615,11.1633129523793,9.8233686133561,6.54876379977394,-36.1561410992696,-3.47110839627018,-0.0679425592537835,0.805930940226947,-0.588905422012131,0.0605452187180932,-0.590045334857469,-0.807369247492082,0.00118364564171273,-0.0481852923395248,0.0366783604974571,0.998164753672145,7.78872225454742,6.03116068211686,2.68039420657685,0.931297709923664,319.434301907197,463.601549677386,728.171291672818,2.56503304299497,943.877049180328,42,3100,0.938388021844952,20,0,2,4,4,4
882,504.636054421769,591.40589569161,5.26984126984127,11.8984389772261,12.7719246431881,11.5876808896046,8.53235924143819,10.4257205066505,-21.5031923524712,-12.6708248412723,-0.915036601254245,-0.16836528133722,-0.366553066288252,-0.0974778329945765,0.974088586705764,-0.204082084770441,-0.391415495911649,0.151011778645929,0.907738592476067,10.1951286932048,8.39214677495672,4.55007213905973,0.942307692307692,460.778383109523,504.585308422085,591.342398324703,5.57932317626366,713.583900226757,26,1776,0.965245424067104,21,0,3,4.119633,4.358899,4
635,506.357480314961,562.103937007874,4.78740157480315,10.664120267998,22.3552796248779,7.75959268546721,7.00279300472266,48.1997417825247,2.09556002247375,4.76723000748705,0.66609007099981,0.744974446091756,-0.0365662684143241,0.740868507161555,-0.666495437860786,-0.0830523112680683,0.0862431006613093,-0.028229523216657,0.995874099275247,31.2349079441551,3.76320491527226,3.06494436668704,0.635635635635636,485.576901519216,506.141413845613,562.056782242005,4.62243762445824,53.7763779527559,0,547,0.735769738602439,22,0,17,2.347932,2.828427,2
737,565.544097693351,585.877883310719,4.92401628222524,11.2070064491011,15.1731906002074,12.7480251441427,7.78452509043195,-29.6675704734354,-0.605900921304578,21.2565555204927,-0.868863221180335,0.494939266114985,-0.0105747689191576,0.457961299554399,0.811694220228394,0.362524400500527,-0.188011039544437,-0.310141283458653,0.931914284311621,14.3891070618888,10.1570090672309,3.78742693022278,0.663366336633663,514.706119722327,565.0898333944,585.859279694808,4.64114059098649,62.9538670284939,0,470,0.76660171140595,23,0,13,2.562712,3.162278,2
628,565.070063694268,681.519108280255,5.00796178343949,10.6247896462619,14.144422098927,10.3216488207727,7.11964088170073,-8.27585226351043,-15.9692357329513,176.40634931881,-0.951397958639347,0.138384469810751,-0.275121178414314,0.160721112925754,0.985158528690713,-0.060261075395789,-0.262698778369429,0.101550046101159,0.959519119132111,12.5040422820384,6.65852714870994,3.16808039277403,0.777227722772277,415.124608359544,565.139102463518,681.049871855223,4.87465348606099,60.8885350318471,0,659,0.854303281916375,24,0,8,2.498838,3.162278,2
906,589.591611479029,280.689845474614,4.73730684326711,12.0053969735052,25.4112169306371,8.49747395111625,7.72546455242365,83.566825614226,0.861262252506838,28.1625369647985,0.112031649007271,0.993590946900667,-0.0150312959436851,0.875266031291884,-0.105829348417086,-0.471921098786831,0.470487283661595,-0.0397137161526089,0.881512641237824,40.3581216184937,4.51294147186869,3.73017515942214,0.683257918552036,617.400805293307,589.408065759055,280.641835773611,4.59234523503725,64.453642384106,0,484,0.733391262137374,25,0,16,2.710446,3.464102,2
586,638.511945392491,338.976109215017,4.3037542662116,10.3824456075655,18.3651388457811,7.39933676251724,6.83789780069098,83.1734410541332,-6.35640680097352,-30.8128670610795,0.118133511069946,0.986806541417987,0.110712796807586,0.846015201768976,-0.158394941417705,0.509086751849898,-0.519906483839243,-0.0335245036943548,0.853565085810076,21.0798953015512,3.4218865328212,2.92230289579341,0.804945054945055,400.830586125302,638.346947086715,339.103034005294,4.12674171684557,58.6638225255973,0,340,0.844867001748113,26,0,12,2.96053,3.605551,2
427,658.313817330211,337.648711943794,4.82669789227166,9.34278635037763,12.9640605479088,8.26789884323545,6.3010746418521,-26.7891025958942,-19.8246959218705,-17.4937186828704,-0.839767089048627,0.423996425285525,-0.339143432040033,0.52086762338145,0.805437142269449,-0.282786012323425,-0.153258458375897,0.414123219824632,0.897225614735961,10.5041791181154,4.27238445512338,2.48147135263697,0.825918762088975,308.056607072084,658.316247036243,337.72101162922,4.70210003387151,41.4847775175644,0,655,0.89016841392596,27,0,3,2.870589,3.162278,2.44949
1193,685.595976529757,538.139145012573,4.06035205364627,13.1587289272717,24.4010186816629,8.75933271017996,8.15109200575396,-28.215282447169,-2.58246666714127,-20.8598263093742,-0.88028245814867,0.472305658230011,-0.0450572866432427,0.455934499011175,0.815834620424173,-0.355721245821465,0.131249862808174,0.333678344099916,0.933505348775021,37.2131070439288,4.79536934547678,4.15251880539163,0.900377358490566,642.795868541313,685.77535369712,537.899062777251,3.65590977301218,814.412405699916,0,3272,0.84626168202442,28,0,12,3.943458,4.472136,3.316625
464,705.265086206897,450.362068965517,4.62931034482759,9.60520089689789,15.8629711788346,7.30174969335871,6.74735068496273,1.51140442616574,17.6910023502124,-169.604064036296,-0.952377761935632,-0.0251285861829953,0.303883452538832,-0.0288735584124064,-0.984688417734778,-0.171915786371075,0.303550516710287,-0.172502968482932,0.93706979978521,15.7271159137835,3.33222178652901,2.84542132911669,0.722741433021807,351.701409591912,705.267783911672,450.333793375394,4.56017350157729,54.6551724137931,0,610,0.824116613519577,29,0,5,2.709955,2.828427,2.236068
2105,720.600475059382,485.114489311164,4.48028503562945,15.9007579276919,62.734831158653,9.59514229649559,7.80981263180813,-0.0744065667983105,3.28291604544546,50.4227487686675,-0.998358094324212,0.0012965080608839,0.0572663475714672,0.0449663180687953,0.637060156398193,0.769501388802675,0.0354844435867882,-0.77081299690441,0.636072462905429,245.978690031544,5.75417223062492,3.81207333399688,0.584235359422703,1285.70610505489,720.426303962133,476.757941111548,4.61507744855434,572.474109263658,0,3132,0.617794188281477,30,0,46,3.005643,3.741657,2
916,360.618995633188,450.07096069869,5.18777292576419,12.0494054204448,27.5895927994154,9.61726561510657,7.65647517319618,-70.5651534518199,3.18736219631468,-14.279517563254,0.332220003026186,-0.941561664292814,-0.0556012762751621,-0.909321686916151,-0.335387313510374,0.246271028828523,0.250527322448562,0.0312567156054524,0.967604815219682,47.5741019273471,5.78073736946944,3.66385075486059,0.558877364246492,677.169676965759,360.85406598513,450.145120817844,5.1923094795539,46.9868995633188,0,433,0.673571346848106,31,3,25,2.28025,3.316625,2
662,433.705438066465,754.110271903323,5.05740181268882,10.8131722792263,20.5937754260096,8.0172477872757,6.74277158615569,42.4087767036498,0.287149573483761,-29.736152512145,-0.738342768074844,-0.674407028321784,0.00501168452302045,-0.587443016698864,0.639448415046971,-0.496000430065998,-0.331301462362176,0.369162409576188,0.868307812007117,26.5064741435572,4.01726638016107,2.84156054144179,0.757437070938215,457.310585314857,433.158161585567,753.507802726016,5.20807269375123,45.8821752265861,0,707,0.803239141657351,32,0,13,2.805174,3.605551,2
3876,493.213622291022,347.562951496388,13.1547987616099,19.4892465040805,31.1083776807514,26.2376507430709,10.8357926876703,-69.3562513922425,-77.2500716109669,64.2999835754773,0.0778078370999365,-0.206525446953252,0.975342596345812,0.0959671940697434,0.975317027004654,0.198864261488039,-0.992338771865843,0.0781276941651453,0.0957069760060755,60.4831976205171,43.0258947822105,7.33840019813553,0.560034677069788,2076.61635432359,493.330768197928,347.207639485232,9.11249118396086,349.712074303406,0,2384,0.574623919474621,33,3,62,2.808542,4.472136,1.414214
545,505.2,291.983486238532,5.06788990825688,10.134429207232,17.3119252623014,7.86703909679157,6.30485661849397,7.4540050163144,-1.93866677415545,-49.3616902843099,-0.9909817738376,-0.129655998209846,-0.0338296622787232,-0.0590367188905823,0.64910829947597,-0.75840166229647,0.120290439122644,-0.749565032321828,-0.650908958746197,18.7314222679694,3.86814400940294,2.48445106123545,0.795620437956204,384.332903159101,505.099289244868,291.788072302197,5.06169498863513,50.856880733945,0,519,0.839539033192969,34,0,9,2.643544,3,2
522,518.837164750958,707.814176245211,5.23180076628353,9.98981150140047,16.0525038182224,7.94455827214257,6.44581918530723,-39.7787072572588,-2.84908614083667,-5.93648686409676,-0.767571400019959,0.63903326574922,-0.0497054437389659,0.640343701956916,0.761110663860059,-0.103298115774747,0.0281795889876543,0.111117247195867,0.993407704892659,16.1051799271277,3.94475038371681,2.59678656060468,0.805555555555556,363.609171288101,519.101579172002,707.503656281121,5.26484563949353,67.3275862068966,0,778,0.862242907999003,35,0,9,2.76847,3.605551,2.236068
741,535.581646423752,561.2995951417,4.67476383265857,11.2272448794261,14.067929422627,12.3328948958639,7.04099764102498,-19.7253595121782,3.45222754142483,19.8501237050774,-0.939613086026544,0.336899461798314,0.0602162868971538,0.336705629100922,0.878490638231113,0.338944712116951,-0.0612908467833969,-0.338752049706415,0.938877244862329,12.3691648900009,9.50626853202666,3.09847798630746,0.744723618090452,484.032715505644,535.358212142567,561.059047130929,4.66527857859782,63.1943319838057,0,453,0.818128546987277,36,0,9,2.973861,3.162278,2.44949
801,538.666666666667,716.641697877653,4.77652933832709,11.5224446675878,19.9461974176989,10.5452460310108,7.03967705194836,-56.4667371036371,-3.53905157642858,13.5334568725938,0.551367511745094,-0.83197561155177,0.0617288326074718,-0.802440096509464,-0.549123317975758,-0.233566849465365,-0.228218663798353,-0.0792474822209033,0.970379347500627,24.8656744641135,6.95013836590931,3.09731581223302,0.705726872246696,548.289015866748,538.522027715147,716.401286955641,4.67945177716414,49.2796504369538,0,627,0.760728329494056,37,0,16,2.600122,3.162278,2
847,576.716646989374,308.911452184179,4.83471074380165,11.7389232363535,20.7519140235512,10.4815457310353,6.91318293604642,13.7346512236852,-5.4908585355219,-23.4569237362282,-0.966948391148536,-0.236336241209007,-0.0956869371777389,-0.180804759674105,0.900171683909725,-0.396232984954961,-0.17977888567473,0.365836193641809,0.913150278808053,26.9151209775538,6.86642505698657,2.98700614420271,0.67275615567911,576.046606201565,576.689803535327,308.89787984034,4.77194028303354,45.5513577331759,0,715,0.751534246654366,38,0,14,2.357769,3,2
565,598.470796460177,573.465486725664,4.16814159292035,10.2569115048637,12.576429398562,9.67333526231822,7.56714506400383,20.1147893613844,-4.88324226574907,0.780851217726723,-0.935597146018745,-0.342653801639248,-0.0851255107693891,-0.34495947992068,0.938519355453984,0.0135785364120265,-0.0752392023777004,-0.0420688918371943,0.996277707652419,9.88541102606346,5.84833844357557,3.57885527622984,0.802556818181818,381.037429357263,598.665710515748,573.632608570937,4.05143135792553,61.7026548672566,0,549,0.867392077519161,39,0,1,3.605551,3.605551,3.605551
1236,608.567961165049,325.96925566343,5.06148867313916,13.3149625564911,28.439912002995,12.0935351204317,7.55420621394811,64.2586903401262,0.542587409418627,10.3594334435061,-0.434289164769462,-0.900723733639855,0.00946979523133744,-0.885341222064863,0.428762886271674,0.179814648648768,0.166023618429847,-0.0697075534921713,0.983654926846603,50.5517871711314,9.14084948181968,3.56662697017827,0.591387559808612,832.85887658678,609.050385901322,326.20518388901,5.1129269131019,51.7847896440129,0,522,0.668741619901697,40,1,28,2.419668,3.605551,1.414214
710,641.047887323944,605.347887323944,5.19014084507042,11.0684440852553,18.1521294912696,9.46249291011994,7.39918196805694,-45.9999966677474,5.69749987359307,-10.7207188939586,0.691226732269236,-0.71578615165794,-0.0992763299639489,-0.69395545499665,-0.695818022057272,0.185102962322864,0.201572396614187,0.0590547650492588,0.977691722194777,20.5937378167386,5.59617325462937,3.42174336227618,0.705765407554672,473.600911506272,641.2112257136,605.394027344687,5.31882945550492,58.7183098591549,0,489,0.81266301308807,41,0,13,2.980269,3.605551,2.236068
924,697.505411255411,416.242424242424,4.19264069264069,12.0843821200343,24.8891563198625,12.1464380036167,6.96407602236843,-61.073830762281,-4.62228135015085,-6.80558352189772,-0.482109071280152,0.872397072200603,-0.0805865485376143,0.873695658265791,0.471915953516119,-0.118115323072321,0.0650133841366202,0.127352586282291,0.989724496337398,38.7168813946594,9.22099726098147,3.03114717783293,0.577861163227017,649.666075730858,697.379467256219,416.725858035159,4.00377771576982,50.4209956709957,0,438,0.706168892652999,42,1,23,2.509428,3.162278,2
434,875.71198156682,1021.5599078341,4.06221198156682,9.39356336032121,12.8244646197099,8.02081953345128,6.86820891607911,85.7877114536055,13.8222308684602,-60.7811428719989,-0.0713250439762373,-0.968418625700022,0.23891024151147,0.502143937051391,0.17209299526658,0.847487738827356,0.861837690394378,-0.180414429515652,-0.474011000967516,10.279180798887,4.0208466242621,2.94826835718179,0.859405940594059,317.198235005441,875.764834033114,1021.65943119702,3.89693416778896,58.1705069124424,0,486,0.873936440992496,43,0,3,3.048351,3.316625,2.828427
552,277.764492753623,597.875,5.69927536231884,10.1776337517884,13.4911133525755,8.3600744649332,7.83758096571384,10.3739450071212,-22.0929254179043,-16.5514854483289,0.911428780842518,0.166850090301386,0.376109857379916,0.067216889902478,-0.962188721463401,0.263959758297481,0.40593037231003,-0.215299585821817,-0.888181637493815,11.3756337182526,4.36817781620176,3.83922971213249,0.802325581395349,366.704678999091,277.875906126907,598.108304922048,6.15888252623217,54.7300724637681,0,477,0.887415598482811,44,0,7,2.982025,3.605551,2.44949
754,297.579575596817,679.358090185676,5.27320954907162,11.2925210257013,23.7363491119494,8.35179099870269,6.94851098348191,44.0707028525974,3.31763300059346,-73.8051096269741,-0.71727790886088,-0.694379808044194,0.0578712678336308,0.233920977146786,-0.161733730977134,0.958709119970656,-0.656348518632332,0.701198176298773,0.278438035556242,35.2133918227714,4.35952580537571,3.01761280547304,0.671415850400712,530.634431643335,297.481681664949,679.402529741175,5.44281614799543,47.6034482758621,0,524,0.754981415908569,45,0,15,2.556745,3,2
926,439.819654427646,703.263498920086,5.83153347732181,12.0930947273208,19.4692424794524,15.2470087741305,6.59331779265188,35.76243083592,0.444807168965073,2.17698094355708,-0.811422751957394,-0.584408118714254,0.00776327165282391,-0.583764631402146,0.811033895576089,0.0379851990989963,0.028495135195436,-0.0262901313716716,0.999248145488724,23.6907126702321,14.5294547849007,2.71698996968124,0.632946001367054,657.058253123112,439.802838502919,703.020602037313,6.05967723474877,47.1760259179266,0,473,0.699231375640351,46,1,20,2.412899,3,2
563,523.159857904085,316.163410301954,5.46358792184725,10.2447946459704,15.0025772695201,9.32323253465246,6.46528196841125,-67.781590534634,3.70966729657451,-12.4158202222608,0.377345947765324,-0.923809427035604,-0.0647006817988671,-0.898838323019959,-0.382172784500157,0.214554496242947,0.222934305964241,0.0228058174057649,0.974566667764036,14.067332795495,5.43266655595013,2.61249193319147,0.795197740112994,381.609172014523,523.271515911585,316.04888436014,5.64315200919684,67.9822380106572,0,448,0.864047430936352,47,1,10,2.59907,3.162278,2
536,569.899253731343,494.75,4.98694029850746,10.078333431692,13.694788677363,10.2149023704171,5.89359411209463,12.0182422876596,-2.62851815957238,2.12670424960228,-0.977052283163949,-0.208004032365153,-0.0458602058864874,-0.209744233657171,0.977053294381341,0.037070424682425,-0.0370970674269659,-0.0458386568128419,0.998259798414177,11.7217023073518,6.52151440232202,2.17090322238228,0.8,370.977381076661,569.81457891012,494.75200865909,4.87835643811665,44.8152985074627,0,607,0.860161275368212,48,0,5,2.998141,3.162278,2.828427
597,312.664991624791,697.599664991625,5.95644891122278,10.4470074146047,14.7385152575157,10.171677783613,6.76340023553204,11.7289340702656,2.40291051877863,-4.01945834141195,-0.978259340347071,-0.203103026561983,0.0419264072521813,-0.205659240234552,0.976114526573357,-0.0700336199165728,0.0267009349997372,0.077133595882952,0.996663167000921,13.5764894997515,6.46643930835284,2.85897392162468,0.804582210242588,406.297593854111,312.982575646835,697.711299517614,6.16386493202748,57.2948073701843,0,853,0.843896971218027,49,0,7,2.852937,3,2.828427
618,427.046925566343,725.417475728155,6.11326860841424,10.5680927845456,17.279024325062,10.1244526253056,6.34132263041918,40.151225977229,13.9791762458596,-0.255694581438782,-0.741708045479658,-0.625710381281186,0.241569232369724,-0.645624841113776,0.763642462845286,-0.00433052842004534,0.181762866965606,0.159175085037006,0.970373924060156,18.6602926016302,6.40653381012864,2.51327329394165,0.676889375684556,448.326007336831,426.742301783448,724.928929263242,6.61752721929063,48.4498381877023,0,486,0.782616815299898,50,3,14,2.327034,3,2
760,673.388157894737,19.6605263157895,5.77763157894737,11.3223955591539,18.5235429944323,9.850946638511,7.8386306499532,-83.4593782964081,-5.46410841498731,11.6946234923851,0.113390019049936,-0.988976965278426,0.0952221913659321,-0.970669747719488,-0.130718573975993,-0.201774367251811,-0.211997510461895,0.0695501011239945,0.974792202980513,21.4451028166614,6.06507185467445,3.84025815414911,0.722433460076046,505.664378605811,674.180112667321,19.4564060158148,6.10124554240529,50.9184210526316,0,443,0.796460346510416,51,0,7,2.736892,3.605551,2
507,710.4516765286,441.36291913215,5.29388560157791,9.89319218310851,15.4816940314606,8.62630898394826,6.19939858657389,27.1901584610202,3.68819599093994,3.89600179220447,0.887652634645857,0.455998764936961,-0.0643267174837526,0.452001423057406,-0.889436452291388,-0.0678049473813637,0.0881334996488168,-0.0311114723418233,0.995622700890441,14.9801781302351,4.65082541790916,2.4020339272009,0.764705882352941,378.119243863328,710.409485358949,441.372035825328,5.41927699661237,42.5029585798817,0,506,0.813193658606108,52,0,7,2.456212,2.828427,2
6511,952.434802641683,152.04054676701,12.0505298725234,23.1677055211894,57.7398235715896,23.6258342010671,9.10875552227646,-50.4134699402175,1.85540765652924,61.883410834425,-0.636908733122221,0.770259031280495,0.0323773130985575,-0.381385695854571,-0.278304261616908,-0.881528042074325,-0.669994191519727,-0.573801152575264,0.471020191322119,208.367951629894,34.8862526060196,5.18558919778761,0.641098857818039,2934.81006398462,951.760281352431,151.586005612007,11.2585678846036,1196.66856089694,0,4095,0.574560706368843,53,7,55,2.904772,3.741657,2
1636,483.956601466993,730.460268948655,18.3838630806846,14.6193554553308,23.1120942173625,11.3190752099869,8.92735176927578,83.73533187471,-10.3849533600354,68.3116107542346,0.107333822737001,0.977745099741874,0.180260839972011,0.385629419172479,0.126172764322631,-0.913985987098206,0.916389328596399,-0.167615492941251,0.363504669792154,33.3855561945151,8.00759147558374,4.98110060077447,0.890582471420795,760.255897822051,483.790213702752,730.668615979441,17.2808912162914,719.95782396088,0,2532,0.883174510098828,54,0,11,4.241174,4.89898,3.605551
966,978.902691511387,860.768115942029,20.6728778467909,12.2647726272408,29.0754329870709,8.64340769512482,8.1361589840907,12.8328926246673,-24.2094240414496,37.1223791015764,0.889271433148872,0.20257445127438,0.410073054316223,0.41840299188744,-0.722463173788855,-0.550441549030025,0.184757285553211,0.661067737988944,-0.727223618445654,52.8363002116033,4.66928103650893,4.13731768839999,0.590464547677262,664.995002896584,978.326636114682,858.596602023138,19.0763427038507,37.0455486542443,0,406,0.710641381896121,55,0,21,2.464268,3.162278,1
541,216.146025878004,607.652495378928,19.7911275415896,10.1095745906918,12.9859075732234,9.53758140465258,7.16756032571272,-4.9529635456503,57.2586423082026,-39.7826693140062,-0.538828033146145,0.0466956445447531,0.841120602218497,-0.469855529414225,0.812075807703324,-0.346076095709993,-0.699213938773202,-0.581680667826896,-0.415629003441436,10.5396122187687,5.68534119064842,3.21087006392069,0.79093567251462,364.451479965032,216.030369396992,608.077675573076,19.0249671484888,25.3197781885397,0,357,0.881000016217194,56,0,4,3.040569,3.162278,3
792,228.175505050505,47.959595959596,20.7424242424242,11.4791267975162,18.996290560542,10.3211543546733,7.47142021521751,-51.1539030105315,22.2686946246078,-101.087221906992,-0.580449821457346,0.720745765736412,0.378950585094109,-0.38302519778885,0.169012432427471,-0.908144534500848,0.71858868807472,0.672279955716353,-0.177960553250068,22.5536909412835,6.65788920081203,3.48888250202255,0.703374777975133,540.870499258732,227.258710092136,48.5222198414399,19.4771373473323,29.4633838383838,0,437,0.765375021334293,57,0,11,2.478549,3,2
896,539.410714285714,698.161830357143,19.0055803571429,11.961063493748,11.9586663223989,11.5023503930798,9.34630657747516,-53.2342438055892,33.5985456434836,-6.65254971015697,0.498549185528567,-0.667255500181937,-0.553370406767254,-0.757324560778308,-0.645870272551076,0.09649404477346,0.421791677550359,-0.370973972822558,0.827327076939648,8.93810626315483,8.26900403532398,5.45959041500972,0.914285714285714,460.501194923268,539.299993039977,698.329198366001,18.2177898180222,416.921875,0,1616,0.976019967983336,58,0,1,5,5,5
839,573.773539928486,8.3969010727056,21.3456495828367,11.7018478271974,17.9487313406544,9.45625751328094,8.83076992208665,0.123300946387387,-48.3194516099001,79.4783055416659,0.66497529686548,0.00143103402548931,0.746863981391716,0.734697360268168,-0.181027157972204,-0.65379580672523,-0.134267059898001,-0.983477056274383,0.121429965034261,20.1348097961869,5.58880038484264,4.87390608855189,0.73725834797891,534.316956049083,573.781422390481,8.23975121687399,20.6434829637642,44.0762812872467,0,428,0.805118505079601,59,3,11,2.979097,3.464102,2
769,617.903771131339,278.845253576073,19.5435630689207,11.3669139550554,16.9873880281325,13.2367227034665,6.92365779402655,28.5978923859588,0.650412990935189,79.8242906635874,-0.877944012493469,-0.478628720413645,0.0113516043828412,-0.0747536301721217,0.160462231472922,0.984207176892558,-0.472891325468079,0.863230224370027,-0.17665608970855,18.0357095011461,10.9506767455291,2.99606482804903,0.684163701067616,553.025414583445,617.730510183505,278.824238757814,18.4171405525308,64.4863459037711,0,1079,0.733989636006497,60,0,19,2.484214,3,1.414214
535,650.882242990654,625.684112149533,20.6897196261682,10.0720619095798,14.8422612373674,9.70002170235313,6.52415437189859,44.1324547053814,65.1667187851073,-127.114290432806,-0.301432584977488,-0.292439766560773,0.907533679621682,0.09925703545742,0.937009238142999,0.334905551681188,0.948307143084979,-0.191030548783585,0.253418412522549,13.7682949148912,5.8806513141326,2.66028689177272,0.740997229916898,389.50984112387,650.954815133276,625.955073086844,19.6788907996561,43.4766355140187,0,348,0.818216458382144,61,1,12,2.332559,3.162278,2
506,87.49604743083,7.78853754940711,19.8913043478261,9.88668350216197,12.0903041236505,8.13672546057533,7.45964500034226,-77.2052890517426,-21.1378473005825,-145.953551646853,0.206557763298393,-0.909556020096274,0.360613001329393,-0.763298816257205,-0.380378392312331,-0.522194595684631,0.612134631859295,-0.167392129350558,-0.772833143382174,9.13596586264749,4.13789382629843,3.47789397069571,0.901960784313726,320.691282438417,87.1202936907709,7.91313070946811,19.5930163066678,46.296442687747,0,549,0.957555557812568,62,0,2,3.239451,3.316625,3.162278
548,288.350364963504,491.598540145985,18.8667883211679,10.1529904743564,13.7443074716528,8.87966927199388,7.317795913482,-86.7192430005617,0.0953223700237439,-139.54177120312,-0.0572286477080307,0.998359711738351,0.00166368844024172,0.759694011990607,0.0424663629245498,0.648892607575072,-0.647757585850699,-0.0383991405851286,0.760878187343544,11.8066242422082,4.92803289874952,3.34688356446086,0.764295676429568,382.390087846092,288.30710259301,491.524554678692,18.5098985343856,40.4653284671533,0,604,0.846898188639549,63,0,9,2.758805,3.162278,2
860,359.359302325581,809.344186046512,20.7232558139535,11.798676028579,19.2538758195102,15.7317092716218,7.82252777952378,-5.69652765217831,16.4640300879768,28.2746813836022,-0.954261921709431,0.0951895945327836,0.28341334807681,0.221006128603373,0.863011726236627,0.454276404293495,0.201346656031761,-0.496134761401337,0.844576712107353,23.1694833795701,15.467917287927,3.82449630383882,0.514661879114303,643.734581997925,358.967673267327,810.119554455445,19.875,23.4883720930233,0,391,0.67937503667055,64,3,24,2.399081,3.162278,2
545,377.161467889908,512.930275229358,20.6495412844037,10.134429207232,11.4266685882541,9.8212619453805,8.59508294975316,8.35928367630073,19.4417040381702,-111.370368221311,-0.932962311495459,-0.137090507355942,0.332847589929595,0.253693608742583,0.405586181855506,0.878145433268908,0.25538378611849,-0.903717899502252,0.34361763619905,8.16054718911203,6.02857413748619,4.6172156820711,0.733512786002692,380.273645657996,377.219718184647,512.958661154821,20.1909587945059,41.2788990825688,0,396,0.848500751042392,65,0,8,2.820144,3.464102,2
537,463.664804469274,750.897579143389,19.1005586592179,10.0845971582465,17.8817221778532,7.9116322368886,6.33098859626761,-81.6319870410244,-9.253453623522,11.52387365888,0.143636877272314,-0.976478952891472,0.160802058592024,-0.964734803221381,-0.174379464965161,-0.197176473373137,-0.220579253196807,0.126809529446485,0.967090552275587,19.9847492528705,3.91212029073593,2.5050885378794,0.75,387.501403258624,464.039321626895,750.959815398469,18.9602656461054,49.6312849162011,0,752,0.824505775360314,66,0,10,2.557848,3,2
1649,523.767131594906,309.079442086113,21.6676773802304,14.6579761633131,22.0343397615544,11.5655617372268,9.20428957568228,78.4964474490839,15.0669599853975,-60.1689345480934,-0.192572871418805,-0.946225592921292,0.259947718771034,0.532423775131564,0.121769049803102,0.837673696724867,0.824281877071291,-0.299715574855225,-0.480343586738734,30.344508045476,8.36013864360031,5.29493416206334,0.897170837867247,754.205848105265,524.2759350741,309.086179857613,20.9322728661545,448.559126743481,0,1981,0.894969014147999,67,0,8,4.451159,5,3.741657
545,554.390825688073,270.049541284404,21.1229357798165,10.134429207232,14.9501937492805,9.73615062187957,7.36628502768548,-66.3747461503254,70.1029280732646,-17.6229714602796,-0.136388831675474,0.311807014522712,0.940305520715811,0.759102886396026,0.642764638237168,-0.103036050472951,-0.636522501141492,0.69973566832503,-0.324359522774194,13.9692683213141,5.92453930824537,3.39138469431895,0.685534591194969,412.529709012088,553.953380948684,269.977990839221,19.8509432497477,47.2697247706422,0,437,0.782155725741886,68,0,10,2.360446,3.162278,1
559,83.5241502683363,40.0697674418605,20.474060822898,10.2204745672034,13.3768498203603,9.34009938187027,6.77836853160415,-57.4023884342195,-25.6419859622453,10.9842947480179,0.485678636709079,-0.759504270975157,0.4327464895466,-0.782618544053858,-0.598332400140813,-0.171774717129017,-0.389389877047966,0.25524811715707,0.884999391152525,11.1837569447796,5.45234102895084,2.87164249689008,0.888712241653418,359.865809249537,84.0816506932167,39.5411742811947,19.9166744207686,38.4508050089445,0,323,0.911908806903605,69,0,5,3.12665,3.316625,3
547,207.056672760512,126.106032906764,22.8500914076782,10.1468109290231,18.6050371769498,7.22388513019403,6.84020388324643,85.5436806667566,33.2939269575322,-40.2516823687645,-0.0649459605790022,-0.833338610698829,0.548934223858392,-0.788465417090945,-0.294318618620429,-0.540091507788231,0.61164066922996,-0.46789241354387,-0.637943869860052,21.6342130222302,3.26153227338991,2.92427432277372,0.783667621776504,400.125034294334,206.587084015276,126.270833333333,23.1298417894163,53.6160877513711,0,417,0.80837576386041,70,0,12,2.54705,3,2.236068
582,216.159793814433,545.962199312715,21.4450171821306,10.3587683404136,16.5197993405352,9.61877639941371,6.23090006481304,64.1344027541226,-41.3875702353153,-14.6266394905472,0.327307219561174,0.675093937596647,0.661149120428507,0.797823276962906,-0.572350685511021,0.189453718705214,0.506308209255295,0.465470587916486,-0.725940169039692,17.0564856407216,5.78255371386989,2.42650722610545,0.751937984496124,411.162290003024,215.514133572211,545.760226933413,20.7930227928735,34.5257731958763,0,437,0.819884805665138,71,0,9,2.697789,3.316625,2
475,219.446315789474,177.04,22.6757894736842,9.68051203245609,17.590833167377,7.67935138422818,5.99023832807956,-1.68154867109862,-41.2284595199749,144.172968521229,0.751763759324502,-0.0220695212334035,0.659063112606692,-0.40940208181236,-0.799118246206777,0.440227173158485,0.516953755740296,-0.600768644997335,-0.609783444850767,19.3398382201557,3.68577735515296,2.24268470169959,0.776143790849673,354.287101855909,219.489163346614,176.87561752988,22.3991235059761,26.4210526315789,0,321,0.830981182184937,72,1,11,2.69862,3,2.236068
915,293.310382513661,458.115846994536,22.8491803278689,12.0450190329365,26.2380795250722,10.7717364020119,7.64232667303817,-12.9839166158698,-2.19253281517542,-58.664307994705,-0.973719800045216,0.224513048030586,-0.0382575778626983,0.14868552719282,0.499413409670425,-0.853509730609296,-0.172517723736715,-0.836767672359166,-0.51967056631228,43.027301072751,7.25189406965183,3.65032231108941,0.557247259439708,652.132143281193,293.373655346973,459.230788160022,22.2276242705477,31.0885245901639,0,418,0.698922862545633,73,3,22,2.514757,3.316625,2
577,323.615251299827,461.890814558059,21.1126516464471,10.329018698307,15.3159489728923,8.2540753727338,7.6965419414697,54.5716038080986,-41.8799527986629,73.5715737479567,0.431601728666433,0.606685631581176,0.667572087676752,0.601633659786893,0.357811801086527,-0.714148201996368,0.672128624017439,-0.709861436786198,0.21057030498211,14.6611433087651,4.25811001617317,3.70229736605014,0.761213720316623,403.196019189084,323.584235788806,461.895315165219,20.5937561981832,43.6897746967071,0,398,0.831288484263908,74,0,12,2.427189,3.162278,1
818,348.031784841076,785.834963325183,20.2958435207824,11.6033901144446,19.7969325347,9.35623463036692,8.34292687746944,-77.374383637997,-5.99751546839682,-103.956131089507,0.217383131015699,-0.970477917628975,0.104485337461004,0.213182812136461,0.151665812434858,0.965168674350792,0.952521738838228,0.187536910321683,-0.239858800771611,24.4949086114664,5.47119540365483,4.35027680517513,0.677152317880795,556.834399174246,348.449763508671,785.82556972911,19.8183555491854,25.5880195599022,0,333,0.759615125287772,75,0,14,2.516354,3.316625,2
974,507.357289527721,281.854209445585,21.258726899384,12.2985367965709,15.6286744525478,12.4871057976092,9.38354964032337,25.446745231069,13.0992408957897,-28.5519588737098,-0.879488441211114,-0.418491476506274,0.226638403338098,-0.475231130231139,0.746624256567373,-0.465518627301262,-0.0256018482785554,0.51712387645207,0.855527580951021,15.2659665714826,9.74548820004286,5.5031877407758,0.695217701641685,631.60416864181,507.44045459396,281.876640700032,20.7912442642194,38.4845995893224,0,498,0.752335880392491,76,1,19,2.604589,3.605551,1.414214
757,522.542932628798,259.737120211361,21.8018494055482,11.3074780246735,19.9198141169159,9.78293744138318,6.397543882181,-52.3300333605275,-23.4366863339549,-129.381432624234,0.560695542866185,-0.726241711824539,0.397735445008561,0.314347502618448,0.631079181788536,0.709171850760207,0.766032738078171,0.272602352006133,-0.582135552833861,24.7999371532802,5.98161656137606,2.55803548277697,0.740704500978474,512.089069170698,522.789104290755,259.416138700254,21.2880610038317,34.8203434610304,0,445,0.78439690574661,77,0,9,2.885791,3.162278,2
1058,538.425330812854,741.338374291115,23.047258979206,12.6423850965519,26.543665237313,10.2728261998879,8.84901965904256,-56.2910124423706,14.370045339648,-5.43072696239175,-0.537611447935955,0.805840490367084,0.248183470708957,0.815097518152579,0.572023255186504,-0.0916811399762386,-0.215847091594287,0.153004900610319,-0.964364834198922,44.0353852644088,6.59568488331899,4.89407180788261,0.553347280334728,719.747681901567,537.975102071488,741.711995591514,22.6335946697392,37.734404536862,0,427,0.697633983700454,78,3,23,2.42235,3,1
1621,571.470080197409,257.979642196175,20.7254780999383,14.5745380206544,34.4747225982796,12.363462925467,9.59822429262571,-56.573022849598,-4.41872765634549,24.1666246641155,0.549236354213006,-0.832107870122858,0.0770449199519729,-0.744068781636878,-0.52891870622183,-0.408174779233159,-0.380395945567534,-0.166857707907744,0.90964687099311,74.2816561392708,9.55345096933733,5.75786934822189,0.489580187254606,1116.80908028981,572.141662458586,257.441109455249,20.3017870998731,50.0882171499075,0,493,0.597531123686377,79,5,39,2.368259,3,1.732051
1029,599.525753158406,300.11175898931,23.2108843537415,12.5258032051551,20.0143823371552,11.1378195775781,8.92352560173878,-75.8837317866017,1.37139749155922,40.4129444848774,-0.243820522008766,0.969525017210118,0.0239331162010797,0.742184081152707,0.170649034562373,0.648106238734393,-0.624271049089164,-0.175784379302177,0.761173770739943,25.0359687711144,7.75318905891756,4.97683182280547,0.663870967741935,661.861556426662,599.507211883119,300.135577667536,22.9004387348378,33.8901846452867,0,436,0.744721487478055,80,4,19,2.595579,3.162278,2
468,634.326923076923,6.0982905982906,20.508547008547,9.6327231129306,13.293930815904,8.39692357009457,6.16786612245847,-22.5764649060031,-17.983089918749,-81.5500649665687,0.878259322831003,-0.365160876197923,0.308736289338966,-0.338397198729261,-0.0184423029642981,0.940822627998265,0.337857807002617,0.930761739628213,0.139766542103768,11.0455372836276,4.40677034012561,2.37766078153568,0.879699248120301,324.160403962983,634.530097415395,5.77143983332395,20.2139760121628,37.9465811965812,0,323,0.899265768076213,81,0,7,2.792825,3,2.236068
1553,633.462974887315,291.915647134578,21.5344494526722,14.3678221820035,30.4570336529981,13.2986011398308,9.97345065810965,57.4404236279809,-3.88333070347745,41.9447838875486,-0.536940639888471,-0.84089718152648,-0.0677250274048079,0.651252029208885,-0.36213613044477,-0.666879462480138,-0.536251381058799,0.402180746838173,-0.742081601432901,57.9769311837411,11.0532995172693,6.21685737685924,0.499517529752332,1076.71504355399,633.398341151253,292.123543847659,21.1648131465316,41.4565357372827,0,479,0.602325126774045,82,1,36,2.281594,3.162278,1.414214
1628,662.632678132678,348.757371007371,22.4551597051597,14.5954870774438,29.4759924421925,13.1568374196719,9.36362910724098,56.0684692135707,7.26529750515704,-18.2525413502947,-0.553720114305195,-0.823043702834764,0.126463821853856,-0.810068736993107,0.497252025611989,-0.310691268578899,-0.192828100546144,0.274480393195608,0.942060421305847,54.3021331532617,10.8188981804799,5.47984687862316,0.577714691270405,1045.26811418968,663.323829444891,349.024054706356,22.076894609815,38.1756756756757,0,1452,0.640264401274877,83,4,38,2.368829,3.162278,1.414214
675,675.512592592593,422.388148148148,22.6474074074074,10.8834950357934,17.9275863892828,10.8603272496607,6.55897249407884,-88.5946505093347,-5.06265086325658,103.234462671068,-0.0244298374781784,0.995799178648316,-0.0882449933091298,-0.230974335226274,0.0802607050005724,0.969643788047751,0.972653093095154,0.0440705688203549,0.228043297328117,20.087397109075,7.37166924810764,2.68875751113018,0.697314049586777,480.839734285164,675.825836431227,422.445213754647,22.2465148698885,31.8814814814815,0,337,0.773902574170216,84,0,11,2.569458,3,2
601,687.765391014975,720.381031613977,20.1148086522463,10.4702877309537,15.274653400589,9.35686136228195,7.84282719835074,32.3792830212154,-26.6916424953423,-16.1738048447153,0.754526789243935,0.478454650788518,0.449188681349025,0.408657547290759,-0.878102153256635,0.248868675185051,0.513505923388952,-0.00421373763990561,-0.858075702406007,14.5821897817578,5.47192840956031,3.84437115394939,0.69965075669383,423.221034700507,687.746434353558,720.414848508211,19.5530799475754,21.5823627287854,0,354,0.813766600684583,85,0,10,2.538112,3.316625,2
1303,700.741366078281,24.6116653875672,21.7459708365311,13.5513303073097,24.1216511912607,14.6331332939634,8.94301746315618,28.3577477594983,-12.8903650253603,15.1630455517684,-0.857821977423256,-0.46300540454219,-0.223086195033168,-0.509788950551668,0.821646534999423,0.254974895664006,-0.0652432444401927,-0.33244994644031,0.940861494677486,36.365878512053,13.3830368749312,4.99859758414478,0.561637931034483,844.34513095729,700.636774791474,24.9152734012975,21.3461353104727,41.4044512663085,0,483,0.683272169372083,86,0,22,2.642777,3.464102,2
478,720.60460251046,498.951882845188,20.8912133891213,9.70084930238511,12.8801409876389,9.0456359779515,7.22924004108438,65.2376361462526,60.7302243845217,16.7339451808692,-0.204787912872127,-0.443967317510637,0.872327307679799,0.764395764281513,-0.629191292545758,-0.14077440439611,0.611359980935913,0.637974402595438,0.468217508582318,10.3686269913409,5.11397064035066,3.2663694732261,0.742236024844721,351.426613865368,720.907693753819,499.06617474268,20.2266296940358,44.5125523012552,0,1623,0.841268719337792,87,0,6,2.688165,3,2.236068
455,725.518681318681,873.221978021978,22.4483516483516,9.54269239597283,13.951442708243,8.49024234487001,6.15523583271565,55.7642899434183,50.6261064865307,-73.8972221026235,-0.356900472082073,-0.524459675600193,0.773022704515807,0.647141431857198,0.45796414985772,0.60948897005517,0.673669073211327,-0.71778192099999,-0.175951964138385,12.1651721025867,4.50526344216399,2.36793300977167,0.847299813780261,326.882297860397,725.386798679868,873.197249724972,22.0979097909791,19.978021978022,0,314,0.87518591580846,88,0,3,2.885618,3,2.828427
493,914.233265720081,151.425963488844,20.3367139959432,9.80127931144109,12.8728658738729,8.24350498829863,7.08394731042897,-19.9115730278857,-28.5390331667119,-91.2492944478505,0.825975032382603,-0.299187500348158,0.477757350038677,-0.441664640709499,0.18317009239823,0.87828301953173,0.350282159162449,0.936448373849966,-0.0191533831541096,10.3569172379201,4.24721090575653,3.13639434355836,0.817578772802653,338.983211023685,914.164148351648,151.597723704867,20.1453100470958,41.3468559837728,0,631,0.890301724853435,89,0,3,3.410643,3.605551,3.162278
847,922.60212514758,812.668240850059,22.1416765053129,11.7389232363535,22.7521089366578,10.9789226073579,7.19304679458448,48.4877051686219,4.61379316990522,-80.7567521569502,-0.66063303518265,-0.746387016875749,0.0804388827910986,0.172900191817744,-0.047008379887809,0.98381692193706,0.730526875956489,-0.663849857467517,-0.160105747072393,32.3536538165965,7.53354635114718,3.23374513681763,0.619604974396489,575.613457637431,922.72577092511,812.660620870044,21.724531938326,34.3046044864227,0,416,0.752099775440249,90,0,16,2.75602,3.162278,2
717,928.138075313808,209.280334728033,22.5313807531381,11.1047003613038,19.6502066862645,10.4245661880179,6.72131599281656,86.1865354026262,14.7103875905622,-87.4429506350853,-0.0643283537926485,-0.965080172899853,0.25393330379042,0.0613872129050261,0.250151565742123,0.966258663220422,0.99603889130399,-0.0777460869263141,-0.0431517436213784,24.1331639258072,6.79197376302285,2.82350554220573,0.732379979570991,495.993197328641,927.971262154616,209.310099162415,22.2521421007028,28.9735006973501,0,401,0.781066194697373,91,1,16,2.686006,3.162278,2.236068
420,50.2071428571429,1020.77619047619,22.5166666666667,9.29145132338792,12.3314589777271,7.74404128492135,6.46721723050901,58.838759343745,34.2036456300562,-85.2311291494511,-0.427952893351423,-0.707714233201254,0.562136002402005,0.361010379768725,0.436343891900247,0.82418172371182,0.828569747680536,-0.555647885018657,-0.0687575530607854,9.50405503246044,3.74813596391039,2.61405616916204,0.905172413793103,291.936212413786,50.5644359130966,1020.91309658843,22.0629089957246,27.2880952380952,0,370,0.929028453867866,92,0,1,3.162278,3.162278,3.162278
455,120.652747252747,51.2879120879121,22.7978021978022,9.54269239597283,10.778495750588,8.720528533723,7.26081056266858,72.6055889117094,-72.6071393188158,-42.2562046427324,0.0893620135060364,0.285252037991666,0.954277582972454,0.51446302908212,-0.833620493591943,0.201009115144502,0.852843609491094,0.472977956658793,-0.221245633324312,7.26099816534028,4.75297611921732,3.29496062668498,0.880077369439072,308.422830201722,120.812761993479,51.3737440947502,22.6551334087431,33.0307692307692,0,508,0.927566818018677,93,0,6,3.287606,3.605551,3.162278
482,161.821576763485,16.8755186721992,22.3921161825726,9.72783372317443,12.6336361113087,8.66535897106658,7.20148299120371,-73.097811928324,44.3481509997187,138.240787232995,-0.207908878038627,0.684214752860495,0.699016502237802,0.578374805004753,0.662312328744413,-0.476261445142126,-0.788832354412795,0.305274550464339,-0.533433187447466,9.97554758706016,4.69302788109026,3.24133482953727,0.783739837398374,343.851068149663,161.437453886914,17.0024146488698,22.1364276611443,30.9315352697095,0,424,0.864593113790202,94,0,4,2.765314,3.162278,2.44949
507,165.692307692308,704.917159763314,21.5660749506903,9.89319218310851,10.1439054192942,9.91811295833697,7.74776799439479,37.8091438235114,-33.6637699619747,2.19642509722107,-0.657568392285982,-0.510230431947316,-0.554318244135338,-0.629367128794497,0.776453157053514,0.0318984653957273,-0.414126582893925,-0.369845104356524,0.831693316147312,6.43117607222411,6.14806029089573,3.75174430593552,0.866666666666667,330.82801844952,165.443648287588,705.027811513238,21.2940247753218,16.2406311637081,0,213,0.929438119381998,95,0,5,3.138001,3.605551,2
749,204.550066755674,544.707610146863,22.1935914552737,11.2675042822062,15.9078230384034,9.90289208655269,8.70514179090071,21.4406049202115,-19.0678817908269,119.62791615368,0.879726206500089,0.345480334365417,0.326688139000672,-0.0836144731101339,-0.563957120511735,0.8215600928177,-0.468070957744098,0.750063800480248,0.467240702128625,15.8161771138225,6.12920447986924,4.73621834998037,0.745273631840796,492.29723613256,204.727638640429,544.96981216458,21.9556797853309,29.8531375166889,0,317,0.810173322799021,96,1,11,2.503529,3.316625,2
434,278.414746543779,677.396313364055,21.4654377880184,9.39356336032121,11.7310589215606,8.53265362285148,6.45412717857453,18.6494071995659,-12.7437144228579,67.0454465983644,-0.924152968741694,-0.311899263343715,-0.220590434723633,-0.317170598946869,0.304569183870005,0.898131629217257,-0.212941544865246,0.899975811765187,-0.380393791626513,8.60110896382046,4.55038611547253,2.6034848523259,0.883910386965377,299.728342835379,278.297835226764,677.515743805349,21.1901780123446,51.5161290322581,0,458,0.924874484566214,97,0,1,3.162278,3.162278,3.162278
513,370.072124756335,359.233918128655,21.9103313840156,9.93206563620856,11.0582968346574,9.73988199770309,7.27295748633831,15.3817789400786,-11.830216394979,121.200820191083,0.943700055551396,0.259615447933598,0.205012254137477,-0.0316675990409117,-0.545996778867723,0.837188557397349,0.329283112721069,-0.79654713398537,-0.507035792638366,7.64287055521213,5.92908133307379,3.30599441238028,0.876923076923077,333.029052569317,370.118191473221,359.12805340616,21.5731300257927,51.3918128654971,0,726,0.930565425743649,98,0,3,3.503162,3.741657,3.162278
711,383.631504922644,590.549929676512,23.0182841068917,11.0736381001355,17.4849302377628,10.3529847278394,7.55646097828117,-61.7898087214114,14.8823336335996,117.0171877939,-0.456850692144999,0.851659159731508,0.256834812149866,-0.292142195203463,-0.416359787852064,0.860986332552083,-0.840202584421362,-0.318309916127673,-0.43901983375066,19.1076740887145,6.69901829842969,3.56875640726788,0.701875616979269,494.143112300985,383.260598725661,590.775638059303,22.6613391236251,39.5119549929677,0,636,0.779610677791165,99,0,10,2.337112,3,2
496,424.491935483871,729.814516129032,21.3286290322581,9.82112001196742,11.3743435248664,10.2074063756512,7.27293877645589,10.5552556695144,62.6245204464677,-148.573145247432,-0.452039043974246,-0.0842314837897104,0.888012252089707,0.298871448875427,0.923684822326743,0.239754470344802,-0.840438314077811,0.373779889964397,-0.392367218416944,8.08598066385438,6.51194655735532,3.30597740287973,0.777429467084639,350.223614647931,424.321564983999,729.98890265304,20.7980799008981,39.0604838709677,0,369,0.865219866390879,100,0,12,2.517787,3.605551,2
918,479.778867102397,785.494553376906,22.0980392156863,12.0581686274759,24.5419993927424,9.40874672577591,7.89213139439015,-59.2209200350293,14.0645483043211,111.737803567833,-0.496388875921799,0.833391782199519,0.24301485803013,0.202678844525466,0.383462255658106,-0.901042720667239,0.844108624433441,0.398013612641463,0.359257281497782,37.6443583870855,5.53278218436243,3.89285862164491,0.611185086551265,640.003567172242,479.396792976252,785.739414077981,21.6286620126208,35.7331154684096,0,367,0.713723808103373,101,0,14,2.621283,3,2
395,494.012658227848,701.329113924051,22.7544303797468,9.10331332977338,10.5335597466544,8.76840558810625,6.69558392515718,-26.4346647525854,-37.6914855165789,-91.691249693521,0.708576613110205,-0.352274983602751,0.611409453051678,-0.534104795391247,0.298494590922207,0.790969687617837,0.461141248310478,0.887019343147525,-0.0233545282287713,6.93474255852108,4.80530853484581,2.80192775617645,0.845824411134904,286.841515616294,493.878858958838,701.151180387409,22.6092615012107,33.4582278481013,0,957,0.907625828793782,102,0,1,3.162278,3.162278,3.162278
514,510.801556420233,254.931906614786,22.1848249027237,9.93851503129119,12.9489412723147,8.55551597358098,6.8338964102219,-39.0763020258187,-40.2300282924321,57.5003221340152,0.592677660748878,-0.481249171320113,0.645857898885616,-0.0841782185220276,0.760468296328336,0.643895952624285,0.801028849652555,0.435989914313603,-0.410201873034634,10.479692504616,4.57480334838746,2.91888375910274,0.897033158813264,333.613676804365,510.938515709642,254.643282773564,21.7515348501264,43.0972762645914,0,941,0.930141504666507,103,0,2,3.316625,3.316625,3.316625
891,516.971941638608,350.105499438833,22.8136924803591,11.9387729771375,13.7010959607391,12.1705429134206,10.1773235108666,66.726414170039,-12.4241404946574,-33.335432031636,0.385868963837963,0.89711593045264,0.215146810514846,0.720768591496671,-0.438722712601208,0.536670307507079,-0.575845274582089,0.0520133519005707,0.815902464125183,11.7325019078364,9.25763217546329,6.47361961530241,0.70996015936255,583.894576031745,517.001844845377,349.998780525937,22.6208686407555,35.8933782267116,0,684,0.766893080999219,104,3,19,2.511443,3.605551,2
613,548.900489396411,721.42251223491,21.5530179445351,10.5395147846152,16.0277189575209,9.01155296576971,7.22507577281066,0.632764648910613,31.898754000892,-85.0021138210539,-0.848931406205073,-0.00937583235318803,0.528419872191009,0.527340779435714,-0.0813002061281695,0.845755271238466,-0.035030984896393,-0.996645558988351,-0.073962557054138,16.0554859363297,5.07550542842956,3.26260749517847,0.742130750605327,425.404936688003,548.852225389169,721.274150405613,21.3975005481254,37.2022838499184,0,396,0.820329976923453,105,0,12,2.695201,3,2
571,578.509632224168,297.028021015762,22.3555166374781,10.2930913864679,14.5294552209254,9.41550959625209,6.5738532085823,74.6253878289606,-35.2120892958531,-15.5847426117332,0.21661647629586,0.787784424756864,0.57660471929014,0.88769106993311,-0.404749893319252,0.219504187247226,0.406302678502341,0.464298636621464,-0.786984694561001,13.1940668135547,5.54073880981971,2.70097162549924,0.820402298850575,385.300903503731,578.506828042932,296.922265357388,22.2390043388902,38.3450087565674,0,468,0.863856295475614,106,0,6,2.872678,3,2.236068
727,574.965612104539,649.836313617607,22.6176066024759,11.1560879528244,15.6679481849674,10.8368774120675,7.81183752790318,-44.1230750795192,-29.349138234401,6.63779626694721,0.625709898517554,-0.606843909364747,0.490130179201468,-0.650865321220391,-0.752477609214433,-0.100756048273085,-0.429955179675544,0.255964679785789,0.865806344497619,15.3427875204265,7.33986950276115,3.81405034764728,0.703094777562863,491.361662805371,575.329956709957,649.60025974026,22.232683982684,31.7744154057772,0,334,0.795742333120606,107,1,13,2.571255,3.162278,2
601,599.084858569052,24.5873544093178,22.6256239600666,10.4702877309537,13.9046906809913,10.9400653901568,6.90960486834352,12.5226865512858,-5.53121899845614,73.2437328859695,-0.971664826250338,-0.215816586060635,-0.0963881040846459,-0.15261096361298,0.261430324318621,0.953081360279267,-0.180491992102191,0.940785515783376,-0.286958627818,12.083776433378,7.48031442130673,2.98391496478978,0.772493573264782,415.644186102544,598.953992751082,24.4732257687361,22.1638606336958,28.4625623960067,0,390,0.828600890525811,108,0,11,2.603062,3.162278,2
648,681.351851851852,256.211419753086,21.8256172839506,10.7364027472758,14.5253415409017,12.4792838011807,6.88714341031332,47.1411456887586,-17.2205978252537,39.9752457290102,-0.649702864545882,-0.700171211030393,-0.296051453374422,-0.691111427655833,0.381825416944192,0.613656537110875,0.316624671124016,-0.603298952609423,0.731969392403796,13.1865966799903,9.7332827619007,2.96454652213889,0.683544303797468,457.963993079206,680.33828461907,255.829923334931,20.9946334451366,64.4135802469136,0,726,0.790744406128088,109,1,10,2.691775,3.316625,2.236068
427,704.461358313817,840.831381733021,22.7072599531616,9.34278635037763,16.5070108820163,6.96254156947952,5.77340188263928,88.7211344807229,-34.4540808343812,-104.463492824033,0.0184034357712305,0.824374470193522,0.565745566880522,0.261927315546675,0.542104572696006,-0.798446437547687,0.964912117719705,-0.162878375345624,0.205949605298101,17.0300880161877,3.02981156917065,2.08326058115392,0.860887096774194,320.870997115182,703.588242795205,840.970160673298,21.8145243560316,36.7306791569087,0,806,0.854618409835067,110,0,10,2.682843,3,2
512,915,227.232421875,22.17578125,9.9256078543904,14.0839382720805,8.57728944658025,6.43197752518834,-74.8306874298043,-27.3283702385356,-100.099984818364,0.232467043725839,-0.857435655862687,0.459089500682266,0.0509867793889314,0.48211537170628,0.874622842539605,0.971266915893316,0.179913491489211,-0.155793817821018,12.3973323282359,4.59811839065105,2.58564593028299,0.873720136518771,342.162755453831,915.561152004942,226.939671591085,21.6538322952592,75.88671875,0,573,0.904547471160764,111,0,5,3.032455,3.162278,3
517,242.988394584139,439.593810444874,22.3423597678917,9.95781316719123,14.7457177548618,7.75341848325477,6.76295264682044,-40.4233979171815,-8.80996543715626,91.3171796247854,0.752291880840855,-0.640780492822373,0.153157716224957,-0.131469654853846,0.0817864750889672,0.987940637055249,0.645579318034228,0.763355312099705,0.0227158890564121,13.5897620066279,3.75721863602979,2.85859553144598,0.876271186440678,346.542158971992,243.16371814093,439.357346326837,22.1286356821589,25.8027079303675,0,694,0.898921448938832,112,0,3,3,3,3
626,292.201277955272,657.865814696486,22.8961661341853,10.6134986817031,13.349117989132,12.4766709991281,6.32576835687575,-9.37352364937469,17.0856733486718,-31.2733038639515,-0.943103329157845,0.155682026406502,0.293801322640581,-0.0112767566866227,0.868129114411043,-0.496210313748645,0.332308509204956,0.471290724888432,0.81697986960764,11.1374344429855,9.72920745128031,2.50095908155316,0.754216867469879,433.402544941933,292.242039686202,658.031091370558,22.8690586063683,27.6932907348243,0,277,0.816536412043378,113,0,3,2.433521,2.828427,2.236068
933,431.439442658092,313.145766345123,20.5262593783494,12.1234904254075,26.0367469604773,12.2034693756557,7.63467770105951,-85.3614817114556,22.1649539016656,28.2657343726822,-0.074892915042789,0.92306830008023,0.377274389090206,0.892324272926595,-0.106851230725122,0.438566079899654,0.445138678641181,0.369496587101317,-0.815673849585765,42.3695120177452,9.30779155016036,3.64301897494096,0.50377969762419,669.468973947261,430.852062905896,313.11798038966,20.0694002292118,33.6677384780279,0,557,0.689723090585654,114,1,21,2.383546,3.162278,2
828,468.092995169082,814.141304347826,22.6425120772947,11.6504823111637,24.4561797453356,10.7784769256247,6.82349620323918,-88.8815861926674,-15.0103594719108,115.299643682691,0.018852764281978,-0.965695005379525,0.258993686919136,-0.431841191047038,0.225766365530187,0.87323692885171,0.901752604096048,0.128307072214783,0.41277056123913,37.3815454835102,7.26097280226399,2.91000627722622,0.591006423982869,611.829467735975,468.596493070139,814.188471230575,22.32491600168,23.0048309178744,0,372,0.696959098722305,115,1,18,2.267475,3,2
509,581.064833005894,632.611001964637,22.1728880157171,9.90618391462455,13.2205238898779,8.48266626325284,7.42644556820288,-2.12665507614597,-24.351929335841,-90.6942047541638,0.91040244876645,-0.0338070554406648,0.412340228794721,-0.411576376991682,0.0274077673419407,0.910963061924978,0.0420983037954238,0.999052499767535,-0.0110379131082982,10.9238907451771,4.49722668335799,3.44700586109251,0.790372670807453,357.731700564235,581.041140557791,632.451089218815,21.8698487581518,28.3182711198428,0,369,0.861797478322562,116,0,8,2.811519,3.162278,2.44949
1029,584.902818270165,683.779397473275,23.6754130223518,12.5258032051551,20.4804998562563,11.5377281380728,8.24586428086735,-65.5650515868722,-1.94015288795362,-13.8151324394376,-0.41342270143278,0.909909594028077,-0.0338555849998493,0.887438044073675,0.394332906682604,-0.238653046571669,0.20380232547916,0.128709321352058,0.970514565952711,26.2156796476322,8.31994816175477,4.24964235865525,0.684175531914894,682.120267928634,584.929210270937,683.858709051328,23.5481417368269,37.0524781341108,0,463,0.722603543658629,117,1,20,2.641661,3.162278,2
992,594.863911290323,602.773185483871,21.7792338709677,12.3738358366215,23.3116941373051,9.65818679293964,8.6274845170825,40.1649457874,-7.95913157721443,-79.9085713236054,0.756829401013928,0.63877713293345,0.138466718752991,-0.00883686715798726,0.221829096641819,-0.975045517738483,0.653552727436532,-0.736719503151909,-0.173531571006182,33.9646927219539,5.8300357579571,4.65209306828114,0.628643852978454,669.386774475269,594.69597049433,602.603490036332,21.5102939557415,36.625,0,655,0.718590456548516,118,4,19,2.524184,3.162278,2
551,689.185117967332,562.40108892922,23.1960072595281,10.1714841226466,17.636691787449,7.93161507201617,7.16858123866514,-34.7159418751844,-26.5736514137326,-35.9790193560358,0.735151097263643,-0.509345431626279,0.447347846170631,-0.676892023455975,-0.515503647519692,0.525426662794695,-0.0370142239380812,-0.689074176468204,-0.72374493196908,19.440806075342,3.93190735316462,3.21178481095887,0.719321148825065,411.50347679916,688.916903192,562.399676870006,23.2881533557487,41.562613430127,0,319,0.789850713500305,119,0,7,2.532486,3,2
636,889.207547169811,213.165094339623,23.4009433962264,10.6697152953981,16.9102557325635,8.90968556177381,7.35410428907391,57.0872689610082,18.1362818394345,6.8430911278251,0.516366177334376,0.797791833628389,-0.311278269561075,0.813365975117649,-0.570626402501426,-0.113231176312875,0.267958506911053,0.194714403586725,0.943548906845779,17.8722968087936,4.96140605060505,3.38017811841095,0.72108843537415,433.070051711995,889.46499938703,213.479179436884,23.1419639573373,38.4764150943396,0,460,0.825842792988534,120,0,10,2.85341,3.316625,2
821,909.154689403167,176.080389768575,23.1205846528624,11.6175578820148,16.7069318732062,9.48908119440796,8.16829204935129,30.4025348599975,14.5060368481539,48.3406460168171,-0.834996140344556,-0.489938984501202,0.250482009484965,-0.174981726961707,0.668003481378567,0.723292986344823,0.52169228558528,-0.560117077343697,0.643510698301716,17.4450982884971,5.62766636962917,4.17006218771847,0.813676907829534,491.900189080194,908.99313304721,175.981011835089,22.7111718038757,46.8270401948843,0,573,0.861990685737953,121,0,7,2.877016,3.741657,2.236068
500,945.12,194.026,23.708,9.84745021842696,12.6128398411338,9.62500789641369,6.88520545342559,71.1139087984671,28.1519030826261,-79.2553901129022,-0.285395425464687,-0.834232599957291,0.47181078865614,0.326436755854494,0.37823824545772,0.866241810408767,0.901104042578338,-0.401237833262971,-0.164376718568696,9.94273305363083,5.79004856287662,2.96287838349259,0.796178343949045,350.926026349476,945.117504505064,194.06872553284,23.646430124899,32.186,0,398,0.868124238142397,122,0,1,3,3,3
733,963.332878581173,852.641200545703,23.0982264665757,11.186694657504,15.9778747397061,10.9310710873815,7.67120493575481,24.7697173008965,7.44905521184414,28.9209785614969,-0.900336012816897,-0.415436329003912,0.129644593287673,-0.309792803005173,0.821028323321483,0.479521544364914,0.30565255312392,-0.391567553364254,0.867900551861307,15.9557800748587,7.46801969483671,3.67796157289681,0.7158203125,507.005971916375,963.421466239272,852.575535104953,22.8555475131837,26.387448840382,0,380,0.775426013029814,123,1,11,2.418284,3,2
475,994.505263157895,887.063157894737,22.3536842105263,9.68051203245609,12.5062925167085,8.39117082148994,7.5281503842279,79.4742227893675,-61.9043026522565,-7.423564625663,0.0860313460145445,0.463020949567911,0.882162234378777,0.954110641197302,-0.293207145236571,0.060847796478535,0.286830074882323,0.836445557250113,-0.466998220445807,9.77545953209248,4.40073423471401,3.54206551297192,0.777414075286416,338.47839380092,994.534440195556,886.815673556319,22.1060070671378,43.4926315789474,0,424,0.869792341623602,124,0,10,2.886795,3.316625,2
886,65.2957110609481,899.270880361174,21.3679458239278,11.9163989123755,21.6388092128485,13.302731415863,6.45746185561576,-65.0971010392147,-21.5686799141086,-24.8125223737375,-0.391596545111591,0.843510783305609,-0.367616245973737,0.888252033172661,0.242283183669799,-0.390265530729349,0.240125949079436,0.479362511423228,0.844127425938001,29.2648790093787,11.0601664451618,2.60617585104578,0.629708599857854,635.379957697815,65.6344713852737,899.450080228205,21.0725173827777,25.3227990970655,0,438,0.702112051605942,125,2,23,2.473814,3.162278,2
583,117.171526586621,87.5197255574614,23.2281303602058,10.3646978026932,13.3335500970601,8.68831480204867,7.63172932335448,-60.7042356486286,14.4509682768947,-87.1679199265172,-0.47383672042702,0.844513385528243,0.249551405603319,-0.0788709935310777,0.241546037796329,-0.967178824212108,0.877073616496579,0.477967209428137,0.047845772614647,11.1114723869257,4.71792588121863,3.64020577905929,0.878012048192771,367.888474684613,117.536914765906,87.2917466986795,23.0990996398559,57.1526586620926,0,604,0.917375164641665,126,0,6,3.232968,3.464102,2.828427
519,149.71676300578,31.0154142581888,23.3025048169557,9.97063715195645,13.4782297359332,8.03050839234655,7.31130086320107,44.613345516121,-11.5384068574109,100.391060807756,0.697476338301299,0.688125608749851,0.200024758698664,0.0133806408044697,0.266572786406101,-0.963721903870276,0.71648287904281,-0.674849684100344,-0.176720649354263,11.3539173009121,4.03056656497177,3.34094501951529,0.878172588832487,341.675070363368,149.669840160713,30.7078347453926,23.0661193117303,66.1791907514451,0,484,0.914076205446403,127,0,1,3.605551,3.605551,3.605551
422,331.002369668246,388.116113744076,24.0924170616114,9.30617631050107,12.3209933090112,9.01177772063211,5.99313130480236,85.1717886362704,23.5052784420249,24.8208789975912,0.0771844671333649,0.913769311940729,-0.398833552486127,0.890312113033568,-0.243222778420659,-0.384950674038946,0.448761517310745,0.325374130214283,0.832312907486275,9.48792975754365,5.07575860538008,2.24485142728763,0.800759013282732,312.54217766593,330.983032684408,387.966303506579,24.10954337084,39.803317535545,0,331,0.870530098318748,128,3,11,2.557114,2.828427,2
754,353.616710875332,751.072944297082,23.3846153846154,11.2925210257013,21.1582670892204,11.3233888825579,7.31162618485389,-22.7140370598445,5.10880304025129,8.05891256108638,-0.918779014491611,0.384598096227642,0.0890473295944233,0.393834244814408,0.90851353639978,0.139634314514125,0.027197612786602,-0.163362965682059,0.986191072410551,27.9795166386741,8.01369598660226,3.34124234169006,0.592301649646504,554.679997379577,353.61690661948,751.005469315531,23.2403683744873,32.9787798408488,0,542,0.722252715844327,129,0,18,2.525418,3,2
546,385.342490842491,713.968864468864,22.8296703296703,10.1406238476543,14.1034641178771,9.57720525691128,6.59740512127476,50.7265966889091,-20.3503802451766,-21.6088974757225,0.593510603055088,0.725815406598542,0.347760204171464,0.63865684017455,-0.687675194762981,0.34528287968846,-0.489757699847021,-0.017170382986108,0.871689493678033,12.4317312577655,5.73267878331307,2.7203596458889,0.783357245337159,382.079724972684,385.389329446064,713.980174927114,22.7913702623907,31.4102564102564,0,277,0.845522613166693,130,0,3,3.162278,3.162278,3.162278
451,386.818181818182,890.793791574279,23.8048780487805,9.51464611403477,10.359834512199,9.74853665154225,6.94729325295994,43.6442191512305,37.6902694383728,18.3298899028662,-0.572635683064874,-0.546156930474113,0.611392657607138,-0.516021542799933,0.819627420137372,0.248862732294999,0.637032292625108,0.172984101737849,0.751176649463193,6.70788569500939,5.93962292790391,3.01655522141392,0.839851024208566,311.118919248278,386.848565513162,890.954352755595,23.5453021788426,22.490022172949,0,337,0.914131618653472,131,0,2,3.383914,3.605551,3.162278
511,398.07240704501,635.205479452055,23.9452054794521,9.91914165851832,11.7584015543078,10.775611926514,7.64761577757105,-62.1285178977693,23.4564960617936,-6.43677061292589,0.428857718787547,-0.810947070405379,-0.398052642294049,-0.857564418203355,-0.503990768612039,0.102842470727746,0.284014657487748,-0.297250995212428,0.911579683942846,8.6412504445218,7.25711327442696,3.65537669258461,0.707756232686981,379.445563136395,397.977941688122,635.215990536497,23.8730777259759,28.1232876712329,0,320,0.814607827614269,132,0,6,2.29545,2.828427,2
518,402.403474903475,783.42277992278,23.6370656370656,9.96422928569791,15.1470128919548,9.80707491526881,6.27480415718518,-84.4969688520011,-9.1995872223668,-35.5892258754685,-0.0946649110420573,0.982587825301046,-0.159874076033484,0.818384801261421,-0.0146275391655957,-0.574484422906543,0.56681996408181,0.185222030731011,0.802750227437013,14.3394999718154,6.01116989960592,2.46082295068927,0.771982116244411,387.891593991956,403.203179812153,783.208668100034,23.576439968315,34.1196911196911,0,443,0.804131230815436,133,0,10,2.80769,3,2.44949
680,422.630882352941,357.172058823529,23.8720588235294,10.9103017820975,17.3242096869846,13.815720374504,6.80395896729294,-70.2362223619136,-0.326172702674717,20.2874307767982,-0.338137549034772,0.941079481474482,-0.00569275684336979,0.882046495545677,0.319023911416796,0.34672427610411,-0.328111227525587,-0.112219220689011,0.937949822154471,18.7580150799131,11.9296330916554,2.89336610178788,0.612061206120612,527.867763515598,422.696689957668,356.992808690774,23.7979803131535,28.8338235294118,0,323,0.708432144736015,134,1,19,2.333325,3,1.732051
399,568.280701754386,248.027568922306,23.9974937343358,9.13393866837998,10.5561438032779,8.56614561250309,6.72937155865111,75.0020127060678,-7.60621100776047,-76.003876587882,0.256508114460208,0.957435847010515,0.132363839757411,0.200380524742581,-0.186647907504764,0.961774507838496,0.945542824265489,-0.220179829874015,-0.239728200253315,6.96451074971769,4.58617816591287,2.8302775983989,0.900677200902935,281.722830367466,568.451512469094,247.997100210616,23.8609016818778,82.1077694235589,0,510,0.930344965899639,135,0,2,3.239451,3.316625,3.162278
392,617.323979591837,170.517857142857,23.4260204081633,9.08020837425491,10.339644052029,8.66328509511985,6.36811529323647,-24.2971185748946,-25.3454121662446,46.6518950808824,-0.823693530608403,0.371862022048815,-0.428074297513446,0.00127702399700852,-0.753715744344662,-0.657199319793229,0.567033805732581,0.541877489184353,-0.620355905808663,6.68176494516618,4.69078178995786,2.53455577424701,0.903225806451613,271.460937053569,617.157965357404,170.475969748719,23.2754330324469,20.9132653061224,0,543,0.954188457203529,136,0,1,3.162278,3.162278,3.162278
631,701.641838351822,382.792393026941,22.0491283676704,10.6416812321684,14.1371713782263,11.7654171981291,6.57514859655613,-81.8701445998403,9.98033024783342,-133.160218432573,0.139277068241427,-0.974969493920372,-0.173310081030293,0.695044206506706,-0.0284143876988745,0.718405298959551,-0.705347750590826,-0.220515551597505,0.673689425655555,12.4912259110838,8.65156511537696,2.70203619167463,0.696467991169978,448.043820926349,701.299717741936,382.603709677419,21.6136693548387,39.3026941362916,0,528,0.794053696329033,137,0,11,2.402687,3,2
469,711.27078891258,279.24946695096,23.6865671641791,9.63957914593055,12.5732236598878,8.41118573509069,6.76350664630895,34.9030452868975,-8.49420257838242,-71.3057347552965,0.811125400321743,0.565913011433556,0.147709337697705,0.0686485674488253,-0.34292261250785,0.936851885848566,0.580829543962869,-0.749764326519337,-0.317002358885372,9.88037207509763,4.42175284188707,2.85906388466658,0.851179673321234,321.053831073728,711.077331019188,278.851942917751,23.3523286086202,44.226012793177,0,431,0.909260160981712,138,0,5,3.052481,3.605551,2.828427
462,905.419913419913,508.268398268398,23.7359307359307,9.5913804448641,12.0518137551875,9.26927227235189,6.610058162261,85.6164770381024,8.25037814877934,-58.5055504425123,-0.0756412533268472,-0.986755488306441,0.143499153629076,0.53024006556139,0.0820730223522979,0.843865802053509,-0.844466620813752,0.139920067535278,0.517009188537618,9.07788842435796,5.36996302868698,2.73080430677958,0.844606946983547,324.576933912077,905.526419466976,508.134762456547,23.5982618771727,18.6796536796537,0,277,0.890419074345615,139,0,2,3.461088,3.605551,3.316625
456,945.804824561404,827.177631578947,23.2565789473684,9.54967826405785,12.4941731881359,8.70818212104106,6.6833721534683,33.7697340639067,8.37365833333705,-62.5480687355653,-0.822416278164712,-0.549930808225148,0.145628196358187,0.363678478834684,-0.31138938552657,0.877937705428965,-0.437457917338564,0.77499210108634,0.456089699304409,9.75652272844583,4.7395272408262,2.79171645885972,0.849162011173184,324.429667100395,945.906292178161,827.517963879427,22.930201169741,34.1206140350877,0,515,0.883093711177356,140,0,7,2.570101,3.162278,2
425,130.383529411765,71.5647058823529,24.2705882352941,9.32817680918531,15.2407727381687,6.81365396543984,6.5163889125994,71.3158684202262,15.4976356656604,-42.9582700174262,-0.30870316733766,-0.91285664626435,0.267198611236474,-0.751612584903893,0.0619581914964833,-0.656688438089611,0.582907262512473,-0.40355163966646,-0.705241233502925,14.5175721035316,2.90161752254713,2.65395777876553,0.82046332046332,316.368294389033,130.528606389311,71.6768966201468,24.2861300350552,35.5741176470588,0,456,0.864073046273423,142,0,5,3.095781,3.316625,3
596,173.352348993289,76.3489932885906,23.8959731543624,10.4411710963986,18.7204794801246,7.3892262706925,6.55302085258536,-20.687567371239,-9.63646064244849,82.3543637483378,0.922320243500014,-0.348287085852967,0.167396159627763,-0.108209003364577,0.18307777438493,0.977125038118001,0.370966548385323,0.919335974687333,-0.131168539005247,21.9035219978605,3.41254155496826,2.68388014340116,0.853868194842407,413.891595432019,173.374210330732,76.4060943887031,23.9140096618357,22.5755033557047,0,357,0.827487972475389,143,0,9,2.875958,3.162278,2.236068
375,257.584,58.8,24.2933333333333,8.94700228939649,11.4691332468603,7.73329728103699,6.54483169769038,25.0506784059102,22.9528129063065,-43.3421958024946,-0.834207539939005,-0.38989603857063,0.389972895745131,-0.550421153583812,0.545523751194148,-0.632012967090495,0.0336798752429257,-0.741879313628568,-0.669687053789772,8.22131358963973,3.73774292730588,2.6771763719433,0.870069605568445,273.114216967442,257.654336734694,58.6837715855573,24.1960361067504,27.1786666666667,0,429,0.920790143315538,144,0,3,3.213727,3.316625,3.162278
614,325.376221498371,721.680781758958,24.1693811074919,10.5452427829084,14.1729308133065,11.5274115309649,7.43200574056283,83.4049697396249,8.72010064091346,15.1741423153812,0.113523396492843,0.981899982214533,-0.151607596695643,0.954190438672823,-0.1502679164756,-0.258727965290665,0.276826742194634,0.11529084180967,0.953978499024335,12.5544979899234,8.30507603776389,3.45216933298493,0.711471610660487,444.699877552218,325.700766718728,721.491374414312,24.1840124946756,45.8827361563518,0,530,0.785590148617644,145,3,14,2.597119,3.605551,2
829,340.958986731001,547.466827503016,23.692400482509,11.6551706345314,22.357310914569,11.400668446717,7.29587518203679,-10.7576203633549,-7.33041632626053,-35.8384900816566,-0.974396068311075,0.185129143569186,-0.127591152754643,0.224707522287069,0.782479582452198,-0.580716998608651,0.00767016867644012,0.594519052046925,0.804044939829672,31.2405844581691,8.12345256449803,3.32686216699127,0.565870307167236,619.636337830159,340.776964241268,547.024039658176,23.9833651373102,58.1568154402895,0,438,0.688732007314137,146,1,26,2.334874,2.828427,2
886,363.34762979684,648.420993227991,22.9559819413093,11.9163989123755,25.579482758991,9.84386545861985,6.76378497235137,45.3711323380523,-10.6730865253071,44.0814354642519,-0.690358185995123,-0.699360186611479,-0.185205033442079,0.601744989746419,-0.412956209656682,-0.683644744162543,-0.401632347233893,0.583405946394742,-0.705924188115586,40.8943711385948,6.05635544796307,2.85929919701289,0.636494252873563,614.729218215348,363.777177779215,648.693235465304,22.8906098428507,34.9051918735892,0,555,0.72569826263282,147,0,14,2.758162,3,2
589,442.578947368421,740.028862478778,23.2020373514431,10.4001329426223,16.858543843338,10.2498389989962,6.78018687144709,59.0058215060673,-30.2196670231826,-21.8005328438455,0.444970216871687,0.740725268459161,0.503316583040206,0.699658708770001,-0.638354345972035,0.320907183186836,0.558998387600052,0.209355691694112,-0.802303556651609,17.7631562823594,6.56619996908402,2.87318337573397,0.659574468085106,454.864276508984,443.086370656371,740.261853281853,23.5938223938224,43.9728353140917,0,351,0.747043384519667,148,0,15,2.41006,2.828427,2
378,461.563492063492,800.193121693122,24.3359788359788,8.97079762031097,11.6032541452853,7.71951298752492,6.51935852149733,-79.215843041512,-11.1710211950286,-134.154184894151,0.183564574970208,-0.963726913168461,0.193738183254611,0.658280715824753,0.266885069646096,0.703874178225945,0.730048317571692,0.00167225440311724,-0.683393486635594,8.41471917250497,3.72443004778537,2.65637722073874,0.895734597156398,275.339218690933,461.523614762879,800.088324082189,24.4084136722174,27.1666666666667,0,332,0.918214010920721,149,0,4,2.997676,3.162278,2.828427
459,652.503267973856,312.925925925926,23.8474945533769,9.57057478203256,13.804265775875,8.66784150049354,6.08535200694204,-52.5646382089288,-30.6227199880488,-5.12170306107708,0.523093089033011,-0.683302928516344,0.50938269315603,0.818510998130024,0.569331327749306,-0.0768217754507445,-0.237514980887721,0.457120276430832,0.857104244960731,11.9098596006871,4.69571726735488,2.3144693155246,0.84375,332.240211688906,652.274094606262,312.989003498887,23.9336574726223,47.9455337690632,0,459,0.866111330372761,150,0,3,2.813398,3.162278,2.44949
910,682.998901098901,551.747252747253,21.810989010989,12.0230390223579,25.1261799263674,10.5851772805418,8.01826206476882,-55.9454075354927,16.5607320940472,116.15108819593,-0.536753456994339,0.794136490007646,0.285031509912436,0.221880880733237,0.458782929231908,-0.860399383199705,0.814042137219978,0.398579300872143,0.422457027100514,39.4578073557616,7.00287362878117,4.01828290870693,0.538461538461538,674.893813210265,682.970302518346,551.873845097936,21.6836228287841,41.6285714285714,0,348,0.672888241284327,151,1,19,2.40787,3.162278,2
660,872.231818181818,193.40303030303,23.9136363636364,10.8022718965564,14.981898593769,10.9070159562413,6.99318521155144,-86.7051423066444,-2.00615026524059,18.5092595516764,0.0574391978596666,-0.997735067219297,0.0350067734894749,-0.946066125697908,-0.0655962160251777,-0.317263332659368,-0.318841064413273,0.0148953712301333,0.947691143548217,14.0285803421237,7.43518731685637,3.05653996269136,0.780141843971631,445.666019802042,872.255341744191,193.645639522535,23.9142772184699,35.6681818181818,0,496,0.822565630561649,152,3,13,2.441244,3,2
678,905.756637168142,157.855457227139,23.9749262536873,10.8995949039911,14.5498985630545,12.5446737063755,8.13380839857694,-71.8336947872336,-5.89325771405607,-0.703077356872464,0.310128433826054,-0.945133905565498,0.102675484333445,-0.95047683851863,-0.310555625522603,0.0122058549842097,-0.0203502818710169,0.101376052432382,0.994640016297855,13.2312217621985,9.83555239996432,4.13492744154755,0.623735050597976,499.766614772578,905.428537560117,157.840716656506,24.1204700941543,43.5486725663717,0,451,0.746798343385774,153,0,13,2.782113,3.605551,2
450,959.577777777778,865.38,24,9.50760865132362,13.3111242723599,8.25486052737433,6.14615076832994,83.9604450513296,-8.63352901643514,-69.3193000442136,0.104022798061194,0.983181094989052,0.150113929865447,0.336422998024901,-0.176819233957304,0.924961904568339,0.935948088241787,-0.0457153470825768,-0.349157963044898,11.0741268371381,4.25892014540018,2.36094807919017,0.896414342629482,314.873901677655,959.88623775032,865.426842778014,24.0620366425224,26.0777777777778,0,392,0.901894630593696,154,0,5,2.965685,3,2.828427
879,1012.33674630262,588.136518771331,23.8327645051195,11.8849333595156,28.4018489403886,9.49377691622608,6.59897153410459,-86.4243782597699,-5.24617538505253,21.8923222810832,0.06210462398463,-0.993872541973432,0.0914351463661312,-0.923953731995571,-0.0918948914144086,-0.371301535228972,-0.377428823503433,0.061422302490237,0.923999341961677,50.4165639520409,5.6332375084417,2.72165158174517,0.603294440631434,632.519469707274,1012.47743884612,588.136974953708,23.7864243251145,23.3469852104664,0,640,0.701567522898862,155,0,25,2.507898,3.162278,1.414214
501,52.4051896207585,103.25748502994,24.9461077844311,9.85401081345117,13.7037955886995,10.7547422504912,6.21448116845962,-87.8000582405305,-0.548767316258265,-1.46869592891706,-0.0383850326705663,0.999217122494495,-0.0095776500614843,0.998944098641126,0.0381288807947664,-0.0256295969419364,0.0252443470295271,0.0105513299237192,0.999625626112043,11.7371258460537,7.22903005465632,2.41373601207121,0.771956856702619,373.9477523325,52.3516582205401,103.27711848098,25.0191160433639,31.1157684630739,0,377,0.815764899258268,156,0,10,2.722492,3.605551,2
535,197.506542056075,459.927102803738,23.7271028037383,10.0720619095798,14.1383600115812,9.66704183515283,7.06513419732211,-40.5447246582049,-18.4821303055849,-18.4903569538895,-0.720705154815727,0.616513952988303,-0.317008873050544,0.692882905585775,0.655316829273091,-0.300787520383536,-0.0223015463377146,0.436429145500388,0.899462195975322,12.4933264885673,5.84073111516219,3.11975757663565,0.776487663280116,388.011218705617,197.312262718299,460.335801063022,23.7536066818527,19.6934579439252,0,299,0.821376669913154,157,0,10,2.397224,2.828427,2.236068
369,277.934959349593,873,24.7018970189702,8.89902816477149,10.639381655702,8.10657577849688,6.54429588720251,-43.3118337836543,-3.25351144998328,-23.9953042593382,-0.726458294223001,0.684863003123772,-0.0567539752519339,0.643479896975263,0.648916402485831,-0.406006311248424,0.241230116161546,0.331466694461354,0.912106277535437,7.07477762598052,4.10728567828202,2.67673804120348,0.889156626506024,267.541576527851,278.062439563476,872.947368421053,24.7013399640834,19.6178861788618,0,242,0.929916071069773,158,0,1,3.605551,3.605551,3.605551
470,386.627659574468,402.985106382979,24.0829787234043,9.64642544023908,16.2207095086672,7.72889912855985,6.49283887179777,67.0217654687867,12.8274188038483,-22.950678664969,-0.380638756925572,-0.897676678703076,0.222015128400677,-0.881571306574024,0.279776126432222,-0.380206983765356,-0.279188409772905,0.340443680498251,0.897859639507914,16.4444635602855,3.73349260871583,2.63480978844551,0.748407643312102,350.397241523017,386.321562528588,402.762052877138,24.0795901564358,23.2574468085106,0,270,0.834299566425458,160,0,6,2.69514,3,2.236068
577,555.225303292894,807.142114384749,23.9740034662045,10.329018698307,16.9449167864377,8.18120408199126,6.93729351647832,-27.3483396591816,3.02167945664474,42.2035219483637,-0.886995018934423,0.458760384544746,0.052713811832197,0.37175942406023,0.641700216485233,0.670832142033468,-0.273924746979767,-0.614621624851552,0.739733392011547,17.945637806206,4.1832562644494,3.00787758336076,0.754248366013072,402.516272208973,555.427668982944,806.58635502211,23.8839545167404,27.4350086655113,0,476,0.83269231778765,161,1,14,2.690106,3.605551,2
388,609.082474226804,251.092783505155,24.520618556701,9.04921766091416,11.8518922804511,8.29855958920303,6.45849462030096,26.7554231573488,11.7643816520485,26.7771367150334,-0.874179607213847,-0.440726564742628,0.203887492165672,-0.319886631087391,0.838534757464546,0.441057823618894,0.365352648249612,-0.320342872020025,0.874012520941752,8.77920941421357,4.3041307034721,2.60700954752853,0.856512141280353,290.800138630845,609.129269789323,251.16076907343,24.6942114951933,50.4020618556701,0,423,0.884661917399991,163,0,6,2.779377,3.162278,2.236068
440,714.945454545455,375.402272727273,24.6659090909091,9.43665370360164,15.1831601681905,8.02453374194345,6.40464653724315,-7.61857236051504,-8.05047967558579,-156.987479734262,-0.98140467851239,0.131271140582477,-0.140045509189575,0.0677620552392007,0.919552958335796,0.387079656770599,-0.179591650317467,-0.37039201458193,0.911348777730122,14.4080220433079,4.02457136097432,2.56371857918879,0.780141843971631,333.312541862059,714.903206044517,375.607855149411,24.7025389694371,33.3886363636364,0,471,0.839332912380765,164,0,9,2.690831,3.162278,2
439,764.21867881549,573.113895216401,24.6719817767654,9.42949930078053,13.5811713625153,7.96405353868667,6.27036876487617,-18.5530660096758,-1.88421837919829,-10.5784413216002,-0.947516778681896,0.318010797184458,-0.0328798873232148,0.318497594084245,0.929996534712944,-0.18348222797989,0.0277711483167234,0.184324654607087,0.982472994552598,11.5280134736253,3.96413429794173,2.45734527797091,0.849129593810445,315.619250362359,764.316633433034,572.901462279827,24.8192921236291,27.4168564920273,0,346,0.885041537803278,166,0,7,2.703089,3,2.236068
416,131.112980769231,11.1538461538462,24.9038461538462,9.26186051367627,14.3186309746615,9.12144238604357,5.65065036148729,21.5467586905867,6.32053832603716,-10.7835997202193,-0.924464487990262,-0.365028040137453,0.110090600681043,-0.379933446661473,0.906128241837079,-0.185962860413519,0.0318745439628001,0.213743161899169,0.976369742560936,12.8139495617836,5.20004445011952,1.99561559423603,0.768946395563771,327.979150849791,131.076447699702,11.0173952849622,25.0860608834974,21.0048076923077,0,384,0.821675064883496,167,0,8,2.508062,3,2
633,236.612954186414,579.830963665087,24.2195892575039,10.652912566343,17.2883610542292,8.32484973816623,7.54349209987915,-16.3175235930881,-10.3338576439963,-141.758250738524,0.944151996943632,-0.276402848863291,0.179383588456718,0.114105433346389,0.784965874224166,0.60894049494538,0.309122882925521,0.55446374222644,-0.772666164529072,18.6804642463368,4.3314451976904,3.55651706630869,0.803299492385787,428.011456426271,236.87098498869,579.103434094181,23.8760024676126,38.4123222748815,0,521,0.832973536375716,168,0,9,3.024879,3.741657,2.236068
371,347.479784366577,461.787061994609,25.4123989218329,8.91507694284655,11.9044803277345,9.25898791286014,5.0763932452772,46.8848327750807,0.905863628889652,-11.0006166765389,-0.683381616974149,-0.729890142919456,0.0158096442342409,-0.718629939149558,0.668706218639929,-0.190795711980614,-0.128687902072028,0.141747565839075,0.981502445966895,8.85729074208866,5.35805357315564,1.6106105237935,0.946428571428571,282.182318147361,347.303038391797,462.005329381552,25.7982382666163,292.838274932615,0,1270,0.884851247123328,169,0,1,3,3,3
405,442.869135802469,852.02962962963,25.3135802469136,9.17949522583761,13.6931965995965,9.71601597103503,5.37915051963272,32.1584441329014,1.47285211476471,-2.76362693803482,-0.846299735240827,-0.53208655229113,0.0257032877711281,-0.532692521457396,0.844935181456608,-0.048199758508209,-0.00392883120896843,0.0544833920367163,0.998506947535922,11.7189770697,5.90006039683799,1.80845376955406,0.792563600782779,325.018007525054,442.541628545288,851.373894480024,25.4694520687201,24.2888888888889,0,405,0.814479297206047,170,0,4,2.638958,2.828427,2.44949
387,678.878552971576,163.630490956072,25.2997416020672,9.04143673045577,14.4417099845527,9.46949213080607,5.15151637738578,24.7698838237434,-2.25313619517003,-8.16902973352861,-0.907295842192241,-0.418650957254589,-0.0393145104317391,-0.409651215090866,0.901125080756023,-0.141984051241776,-0.0948690503549384,0.112716302380209,0.989087912403385,13.0351867048705,5.60445507596238,1.65863256165462,0.78498985801217,312.542198513573,678.785023523262,163.311029796132,25.3660480920021,19.7726098191214,0,353,0.82170533191622,172,0,11,2.833713,3,2.236068
527,352.136622390892,714.385199240987,25.3586337760911,10.0216061508473,15.1922365387331,10.2750077328552,5.06331867766502,69.5226554616682,-2.32617071406984,-2.64007349505535,0.349548702454198,0.936038623034075,0.0405881854861519,0.935162218545228,-0.351217087690518,0.0460237147540073,-0.0573352388863429,-0.0218690078115697,0.998115432642529,14.4252531905511,6.59848649438963,1.60232475197446,0.916521739130435,373.417664623782,352.440470758157,714.509659985953,25.8617604228253,478.214421252372,0,1853,0.844947404265709,173,0,2,2.236068,2.236068,2.236068
618,484.542071197411,319.563106796117,24.6504854368932,10.5680927845456,17.8241647550586,9.53372430055454,6.61185546344572,-1.58788637802552,-8.41105399197787,-176.957552980341,-0.988864257225915,0.0274122496081716,-0.146273884724716,0.0199106226131845,0.998422156981809,0.0525048907716895,-0.147482364668442,-0.0490078056967562,0.987849779618639,19.856303075967,5.68074368993651,2.73228954184356,0.755501222493888,443.304282080229,484.626940448628,319.519603749953,24.799218127301,42.6326860841424,0,358,0.791482253299257,174,0,10,2.923978,3.605551,2
