Volume,Centroid_1,Centroid_2,Centroid_3,EquivDiameter,PrincipalAxisLength_1,PrincipalAxisLength_2,PrincipalAxisLength_3,Orientation_1,Orientation_2,Orientation_3,EigenVectors_1,EigenVectors_2,EigenVectors_3,EigenVectors_4,EigenVectors_5,EigenVectors_6,EigenVectors_7,EigenVectors_8,EigenVectors_9,EigenValues_1,EigenValues_2,EigenValues_3,Solidity,SurfaceArea,WeightedCentroid_1,WeightedCentroid_2,WeightedCentroid_3,MeanIntensity,MinIntensity,MaxIntensity,sphericity,id,nb_branch_pt,SkeletonSize,MeanWidth,MaxWidth,MinWidth
383,2.77023498694517,10.8798955613577,2.76762402088773,9.01017827271831,20.6592105644798,6.18230177225598,4.81432297287638,0.247506840164217,2.49368250544731,-32.7403593725579,-0.99904370350367,-0.00431570510839284,0.0435092309641032,0.027164516167756,-0.841020527658145,0.540320794638691,-0.0342602911698369,-0.540985994963855,-0.840333496715397,26.6751863217195,2.38880345020246,1.44860660544783,0.874429223744292,330.46367426233,2.47255317271203,10.4302356367487,2.99333686347189,59.1697127937337,0,481,0.771778921640242,1,0,16,2.482003,3.162278,2
1877,39.1598295151838,967.937666489078,9.99307405434203,15.3045964776334,41.3820972164629,11.6161944690114,7.72967341630995,59.256375753086,-21.6020053614077,-31.9475264233999,0.475292781869333,0.799097694317106,0.368157094784272,0.629697919377044,-0.601197848356419,0.491977313972742,0.614473190493396,-0.0020055095851533,-0.788935153289655,107.029873127049,8.43349837136821,3.73424069517555,0.604314230521571,1097.55521831394,35.0164720486651,965.460467417503,7.93425332544387,478.102823654768,0,3669,0.670451336153063,2,0,26,2.842345,3.605551,2
1085,50.2847926267281,549.553917050691,3.3778801843318,12.7490269339282,38.4756731970669,7.14103110346042,6.56567478751505,-26.4620755983774,-4.93412089089134,-8.35092334594847,0.89191201133321,-0.4439540520723,0.0860102533895465,0.452063628086066,0.880171083521024,-0.144697408045514,-0.0114647372936298,0.167939463444457,0.985730640903881,92.5235892479683,3.18714532628682,2.69425533846317,0.777220630372493,739.67998797528,49.7304780737354,550.695741918702,3.30823701127444,382.660829493088,0,2944,0.690335299191192,3,0,28,2.796824,3.741657,2
482,96.1887966804979,841.290456431535,3.97095435684647,9.72783372317443,11.0336890541,8.65391828530303,7.62109327328563,-82.1002237288302,28.5114682471986,-9.70072523818889,0.120772091027059,-0.870382519661787,-0.477334653567233,-0.965292432805036,-0.215143937942353,0.148066218753608,0.231569905640362,-0.44288526215472,0.866157043132398,7.60889338391042,4.68064385554388,3.63006641750747,0.932301740812379,315.229593993932,96.2619637016886,841.207544169535,4.29809655196125,965.489626556017,0,3193,0.943094402796862,4,0,2,3.370829,3.741657,3
4864,143.126027960526,702.848273026316,13.8205180921053,21.0215619188462,127.100856548132,9.44805003937385,8.19749915012128,-12.3264332564078,12.5539598772084,87.828648747723,-0.953590078357177,0.208377158029881,0.217358971450787,-0.220284173667538,0.00935399020486474,-0.975390888669183,0.205282355039014,0.978003815370184,-0.0369823178153931,1009.66423345431,5.57910309665677,4.19993701976484,0.495366126896833,2870.40231909666,141.932216007213,708.141545673439,12.8140273052331,498.220600328947,0,3284,0.483656538228151,5,0,123,2.859415,4,1
606,147.173267326733,86.5709570957096,5.89108910891089,10.4992433201177,15.4654544433801,8.36643590570188,7.07427575974901,-52.3395829205446,-49.4169368575893,-141.111370902134,0.397473062715059,-0.515004985865088,0.759463645574962,-0.32487752757862,-0.853022336211585,-0.40842072180355,0.858178161275568,-0.084396436288687,-0.506366947036886,14.9487675712666,4.3748281102636,3.12783609531077,0.835862068965517,391.112772523002,147.141032303947,86.6452309964715,6.15667824612271,60.3283828382838,0,558,0.885449659043089,6,0,6,3.206239,3.605551,2.828427
810,170.916049382716,46.4012345679012,2.18641975308642,11.5654392624423,42.0562643158228,10.6868647275184,3.82450039785517,76.2148774812229,0.505063480557451,-7.72016631918621,-0.238272026096201,-0.971158452057795,0.00881490650649322,-0.962675403615214,0.234971455168275,-0.134329752960352,-0.128384223541278,0.0404929160818339,0.990897479506782,110.545585512647,7.13806735651734,0.914175205824648,0.611320754716981,743.034503858056,176.583453019511,47.3621752596457,1.7392795380602,126.359259259259,0,1399,0.565542380777345,7,3,45,2.147643,2.828427,2
766,191.906005221932,480.236292428198,3.43342036553525,11.3521132691032,21.8658826972173,9.62994060256831,8.56430202928436,-4.55242610826956,4.00274294044556,33.0010049156118,-0.994413530993056,0.0791776407687907,0.0698042303890775,0.104464763227299,0.832997518943052,0.54332517581885,0.0151275451342057,-0.547581988963304,0.836615277616423,29.8823016330293,5.79598475056212,4.58420432805026,0.666086956521739,565.345539064781,191.766365979381,481.073367697595,2.99731529209622,60.7832898172324,0,572,0.716125823356671,8,3,19,2.795503,3.605551,2
4202,317.696335078534,558.411232746311,4.45740123750595,20.0210019801765,96.1912599854994,16.4985931994021,8.90889382460843,13.6674667255838,-2.15898060435992,3.72814254643261,-0.97099368685489,-0.236118720356606,-0.0376724034952382,-0.238166610104408,0.969048371474487,0.0649763000948792,-0.0211642604246807,-0.0720638858222628,0.997175446168262,578.297406099872,17.0127235974597,4.96052432363413,0.43319587628866,2302.97297816603,316.96559193221,554.672030664607,4.28799750300159,467.38648262732,0,2437,0.546805214713257,9,0,81,3.387352,4,2.828427
687,362.470160116448,594.83114992722,2.28529839883552,10.9476113604367,41.1013751449034,6.17924728287773,4.31263937733127,39.1326594037988,-0.195969915671357,2.72728145149554,-0.775682249673894,-0.631114370772653,-0.00342031359450358,-0.630529454699027,0.774705479557072,0.0475817895963915,0.0273798155178979,-0.0390649580632809,0.998861489273523,105.58268992513,2.38644356143448,1.16242864993177,0.831719128329298,583.189558565682,360.600821346313,592.473816870193,1.89227615777961,200.96943231441,0,1138,0.645622825442737,10,0,26,2.56364,3,2
2842,384.363828289937,598.160098522167,8.08128078817734,17.5741832439681,62.1199167376891,12.0058394081508,7.57175426275921,53.0432995405838,15.6793513190827,-71.5077361387769,-0.578839756148919,-0.769355307908229,0.270253486369547,0.407542751437902,0.0141161054467439,0.913077018283475,0.706295577256353,-0.638665128029119,-0.305374215983708,241.180253468589,9.00876124339418,3.58321641347582,0.602118644067797,1542.40078394785,385.912349101856,599.315484063512,7.54471256363566,406.754046446165,0,1954,0.629075738696791,11,0,42,3.329669,3.605551,2.828427
497,409.547283702213,377.482897384306,3.5251509054326,9.82771579636238,16.9897044032114,8.31033560908079,6.71347088232515,89.076749169065,-18.4433675526769,-39.0400286786223,0.0152854510577852,0.948513667262409,0.316367156959088,0.773394453787281,-0.211757272213511,0.597511402833256,0.633740778108078,0.235543373248133,-0.736812015022732,18.0406284817813,4.31635487097226,2.81691820548923,0.75531914893617,384.598512649828,408.844217478786,377.425465838509,3.08402589449742,92,0,551,0.788946311234491,12,0,11,2.368238,3,2
686,422.17055393586,541.339650145773,4.29737609329446,10.9422969851548,16.2716446124145,9.344549523498,8.13015238077028,-81.3452192871563,1.21835844448813,-9.07803477937922,0.150446608313406,-0.988389454072231,-0.0212627638323305,-0.975725117557434,-0.151912390488231,0.157743844836124,0.159142429962988,0.00298541369801451,0.987251120176891,16.5479011495449,5.45753786231916,4.13121110840904,0.740021574973031,464.568398320858,422.249487757402,541.289852474132,4.25253560086057,56.9154518950437,0,605,0.809687070244924,13,0,11,2.797469,3.464102,2
791,447.977243994943,1018.64601769912,5.91782553729456,11.4742934803985,16.5220817205683,8.59926553580894,8.34975350184639,-31.1333450187566,43.6479514358225,-76.5656043091575,-0.619372490791948,0.3741211801582,0.690225369142002,-0.45452020658412,0.545971399344087,-0.703794439381974,0.640147716903611,0.74963229229756,0.168114029419913,17.0611990238211,4.62171048470946,4.35739897134975,0.88876404494382,459.462615497458,447.746733445668,1019.05033350631,5.39316428683875,867.312262958281,24,2612,0.900226098984975,14,0,7,3.92139,4.358899,3
550,453.418181818182,374.890909090909,3.28545454545455,10.1653270484286,15.3735268274792,8.55542652547848,6.41928121673441,-65.2610494291202,-4.78772322453363,-2.89817006219288,-0.417024404661939,0.905054889355726,-0.0834643227352238,0.908828274766632,0.414116597987915,-0.0503846232061355,0.0110368881965827,0.0968663539326736,0.995236201398807,14.7715829447015,4.5747076895538,2.57544820871995,0.887096774193548,373.455069017809,453.441068108839,375.104332150301,3.00697425497155,161.372727272727,0,676,0.869269067049804,15,0,6,3.493703,4,3
490,458.581632653061,350.944897959184,5.46326530612245,9.7813579571064,11.737177597274,10.7117505674416,5.73192486915157,-66.7479968460046,42.7877886625894,-95.0793084020136,-0.289716085414533,0.674267454595678,0.679284910420616,-0.348455883522564,0.586709480800438,-0.730992805968287,0.891427555716441,0.448481197835479,-0.0649732875685516,8.61008362187193,7.17135001369282,2.05343516909989,0.902394106813996,333.927221502479,458.587383789855,350.951176140263,5.39867099269982,65.4163265306122,0,425,0.900111590377992,16,0,3,2.885618,3,2.828427
3533,473.330314180583,680.169261251061,5.03198414944806,18.8965130483102,86.9123758899962,10.1969046425483,8.11094328099649,76.7530079948194,4.64333382947591,88.4805076880042,-0.228397206475336,-0.970196558939436,0.0809527831290597,-0.00726770144007592,0.0848473851015951,0.996367453180402,0.973540906480072,-0.226979202270823,0.0264300046625022,472.110067677749,6.49855401807663,4.11171255672142,0.571313065976714,1972.60442664876,475.517203656173,680.73598481603,4.64751969085696,455.886215680725,0,2288,0.568686885033615,17,0,72,3.215668,3.741657,2.828427
593,468.156829679595,282.58347386172,2.55817875210793,10.4236228766089,22.0913503705652,11.6215368352498,4.73181240825609,-41.3839340938351,6.90546658756015,-2.58284007584285,0.744853729655108,-0.656305793108559,-0.120231557217813,-0.656364726056006,-0.75311616386388,0.0447368988238703,0.119909415011078,-0.0455933071743939,0.991737355620228,30.5017350746921,8.44125740081681,1.39937804168289,0.653083700440529,507.94579579808,467.838393209633,283.066225819187,2.2997828661666,85.4300168634064,0,463,0.672000944289699,18,0,18,2.139231,2.44949,2
1166,495.885934819897,610.942538593482,2.60891938250429,13.0587009374123,57.1263549043119,6.7770959067361,5.08359649759372,89.7984509358526,0.231821734674528,-5.12193169186586,-0.00351765872574285,-0.999985627709319,0.00404604150841926,-0.996002073717974,0.00314243090409036,-0.0892748244328126,-0.0892608269432101,0.00434390409788982,0.995998812886141,203.963776540837,2.87056430806869,1.6151845843967,0.736111111111111,904.10748470137,497.142584149359,611.002425033149,2.15614518999638,241.902229845626,0,1422,0.592556491456133,19,0,46,2.76408,3.162278,2
523,483.478011472275,409.453154875717,4.08221797323136,9.9961866221489,16.0181061855866,8.73252734522081,6.94080400202546,-78.6409849971065,4.23840460838019,-126.420801285002,-0.196417436357511,0.977731044411397,0.0739066674187163,-0.593794831272558,-0.0586288129570314,-0.802477638719761,-0.780274239641895,-0.201505997641378,0.592087361683912,16.0362328607954,4.76606461468933,3.01092251215829,0.696404793608522,394.67699594499,483.166145201456,409.470116850776,3.78634825362365,59.8891013384321,0,488,0.795383852294388,20,0,8,2.708371,3.162278,2
418,484.196172248804,149.27990430622,4.99760765550239,9.27667951576907,12.8945204060024,8.24819543122006,6.43120089746862,-79.1701355324873,-38.7220155530866,24.0381535010523,0.146592485416232,-0.766294487580521,0.625542485785897,0.8491311088371,0.421871331891828,0.317806449482845,-0.507431771989663,0.484579547269096,0.712527655002884,10.3917910313008,4.25204549197497,2.58502156147508,0.793168880455408,313.743339636204,484.221621621622,149.356676079064,5.09181121419927,29.6531100478469,0,273,0.861708672668012,21,0,7,2.589856,3,2
3005,475.741763727121,378.782695507488,4.46023294509151,17.903940174715,75.2657242213388,9.6948826256672,7.56954954768748,-71.4178360405001,1.81667404518302,-98.4093345900018,-0.318504087794686,0.947391235256904,0.0317016311326738,-0.148613708608704,-0.0168769185029581,-0.988751301003145,0.936199290574204,0.319632628153387,-0.14617069250748,354.058077660164,5.87442182034151,3.581130022181,0.656543587502731,1715.88907456049,474.704368236763,379.117698476454,4.24373446338814,456.090848585691,0,1979,0.586891608214712,22,0,58,3.103967,3.741657,2.236068
1944,490.016975308642,496.48353909465,8.44444444444444,15.4845722489058,44.9207621551492,12.1182306451889,7.26095431701982,-68.224688601263,-26.875892548282,-113.17215480757,0.330898684921188,-0.828340703839479,0.452059441534125,0.21124703598608,0.531910183603879,0.820028198518553,0.919717755675362,0.175850035374474,-0.350992898723424,126.117179537468,9.1782196231246,3.29509109961554,0.668730650154799,1105.10442481389,491.290773243796,495.914798649498,7.70501682397212,359.110596707819,0,1933,0.681624167693562,23,0,32,3.243567,3.741657,2.236068
2698,518.091549295775,480.660859896219,4.22868791697554,17.2722046197683,83.6180160452357,10.3018423088612,8.63329750140624,89.3484107521989,4.20547269542108,9.27061538094329,-0.011341512886679,-0.997242986535372,0.073333456835571,0.98674029765141,-0.0230366811403657,-0.160663923495114,0.161910330356799,0.0705389050669939,0.984281112180713,436.998287958831,6.63299718479018,4.65836410923661,0.49796973052787,1700.00372047028,513.519045929532,481.222691362345,4.19097945219774,461.741289844329,0,2230,0.551309593133271,24,1,73,2.825275,3.605551,2
2193,520.612859097127,513.691290469676,3.86776105791154,16.1193182488984,58.2598246098203,8.56854881845958,7.59320005246503,89.5561349219247,1.44366134235102,-41.2199040903168,-0.00774437057133608,-0.999652583757283,0.0251939776899645,0.752292078863933,0.0107740366192506,0.658741639957206,0.658784223249947,-0.0240547692218332,-0.75194728224434,212.137947722939,4.58875180339532,3.60354293979718,0.747443762781186,1275.2553525237,521.501837302735,513.656508139031,3.58392726765634,568.97081623347,0,2891,0.640097391289864,28,0,45,3.156996,3.605551,3
777,534.751608751609,419.173745173745,3.11711711711712,11.4061951794054,16.8808809407977,13.5437994845827,6.39270497287365,-83.4284914055636,-2.90735885135019,-0.0628164018798001,0.114295857579355,-0.992151105254652,0.0507212113634214,-0.993435564390655,-0.114387851219471,0.00109494164797257,-0.00471554281288505,0.0505134025320527,0.998712250761256,17.8102588335866,11.4646565299115,2.55416730438772,0.726847521047708,541.333703228239,535.020883156667,419.096666840722,2.71008998659774,369.710424710425,0,1475,0.755033816746787,29,0,10,2.662614,3.316625,2
452,535.048672566372,495.099557522124,4.0929203539823,9.52167318166598,12.8883282635287,8.21854436012426,6.96854053305012,-75.2591568837992,-6.4638181135575,3.38269233601249,0.252829908539418,-0.960938986703702,0.112575757518272,-0.963711488806324,-0.260427954970733,-0.0586297417055629,-0.085657478895008,0.093667198648326,0.991911917564622,10.3818128392795,4.22152946245814,3.03503482254765,0.838589981447124,326.262106478487,535.076996273095,495.177358390823,4.02156847196892,83.7013274336283,0,715,0.872991024329295,30,0,3,3.105541,3.316625,3
3874,523.349509550852,709.085699535364,7.07692307692308,19.4858938037728,75.7228404177571,16.1017836939662,10.018148729527,69.590290081132,7.91847363767906,-3.84391600686081,-0.345405768078499,-0.928286573177208,0.137763904695746,-0.938335213336313,0.339290639647553,-0.066399467322042,-0.0148957306366062,0.152203481913099,0.988236923668778,358.37178505832,16.2042148829547,6.2727064979327,0.451883821299428,2146.9314223324,527.216950014193,710.618328953472,6.68184601020506,260.987867836861,0,1948,0.555612954504919,31,1,79,2.959219,3.605551,1.732051
606,540.965346534653,597.579207920792,4.28877887788779,10.4992433201177,18.1026976607052,8.94494711281314,6.90061227710556,9.43170736276506,9.36819116567272,15.0304566125883,-0.973324608195413,-0.161686292621272,0.162778222928113,-0.116622519205766,0.959649861013188,0.255873664669637,0.19758136322879,-0.230064527982384,0.952907087741977,20.4817289121814,5.00075492818901,2.97615311243375,0.721428571428571,429.083765751781,540.938875434348,597.205775508055,4.37396019795725,62.6864686468647,0,630,0.807093389961123,36,0,9,2.799849,3.605551,2
2170,543.859907834101,786.429493087558,4.92396313364055,16.0627673997328,44.4360095415242,10.4349213184736,7.5087135278312,-86.5001889400309,-4.0158478207544,49.3796107168508,0.0608953647421677,-0.995684296527175,0.0700323939481117,0.646585167945316,0.0928013921088935,0.757176017987745,-0.760407374468479,-0.000826602586833517,0.649445872711589,123.409933998402,6.80547393267089,3.52379867768971,0.798969072164949,1167.94015591243,545.143701931717,786.345476861381,4.93292212237818,633.399539170507,0,2686,0.694016863410821,37,0,33,3.25187,3.741657,2.828427
408,546.892156862745,628.671568627451,3.9656862745098,9.20210491132092,11.0495296556424,8.53216993014625,6.77674500506347,-80.7867825030506,-5.06151517585987,86.4468401327353,0.159484568063754,-0.98325021127106,0.0882252491350065,0.0470765904010546,0.0968423663487355,0.994185772738772,0.98607731298602,0.154403944623813,-0.0617329304251579,7.63075660068251,4.54987023230574,2.87026705397829,0.84472049689441,294.904746422461,547.009097936612,628.756704525183,3.78590117143367,82.4362745098039,0,547,0.902074633883947,38,0,4,2.860049,3.162278,2.44949
953,559.572927597062,455.818467995803,2.48163693599161,12.20950600424,45.8173757195575,10.18151130576,5.21039613912353,-79.3693654647184,-0.950223497257641,16.6119767173557,0.184451504496738,-0.982701694876969,0.0165837684144052,-0.940941405488558,-0.181437071409539,-0.285849366897228,-0.283913567703458,-0.0371209914234864,0.958131054746495,131.201994864193,6.47894827933247,1.69676424541209,0.530328324986088,815.839327656081,559.642703967566,456.038417666651,2.28918843168056,160.985309548793,0,803,0.574039029503927,39,0,44,2.243012,3.464102,2
825,573.26303030303,560.734545454545,2.70424242424242,11.6363946525489,44.7952474099816,6.67747002427736,5.45390173555654,84.4514621420573,-2.5831066288009,-22.0677894061137,0.0965907178519658,0.994303308107754,0.0450684447348506,0.920760712759771,-0.106458559505981,0.375321575380407,-0.3779814057106,-0.00524467290571121,0.925798331356863,125.413386907591,2.78678787032016,1.85906525881916,0.646551724137931,680.268921714003,568.979657819582,560.316173657872,2.11701207849713,231.315151515152,0,1713,0.625325481682034,40,0,31,2.413632,3,2
770,557.180519480519,594.4,5.73376623376623,11.371838961718,15.8872186757206,11.1552658654706,8.39793180413104,-31.401461097021,-19.0951639330396,-27.9152904889268,-0.806572913186808,0.492362441340635,-0.327138139125407,0.591127960819068,0.674422022919849,-0.442405548042278,-0.00280528986645439,0.550212832781813,0.835019741677391,15.7752323281354,7.77749728308333,4.40782866167723,0.656436487638534,528.245030975859,556.989320595717,594.502339760393,5.90120580182909,66.8844155844156,0,603,0.769087679407067,41,1,17,2.449816,3.605551,2
1975,561.843037974684,422.887088607595,3.88708860759494,15.5664468289738,37.6944105957832,13.900621679482,8.0327299774841,-87.2600942890166,3.20534795516442,4.13109724359725,-0.0477273679868736,0.997294161630016,0.0559146986375552,0.996454173082805,0.0436545312966319,0.0719260929227632,-0.0692905425791149,-0.0591492778988421,0.995841445026836,88.8042868852181,12.0767051922554,4.03279693069823,0.627183232772309,1112.76460415658,561.01144315365,423.30469350857,3.74531796484344,401.588860759494,0,1832,0.684109395504094,42,0,25,3.461132,4.472136,3
633,575.943127962085,522.126382306477,2.09004739336493,10.652912566343,42.8338003217979,6.58909228940469,3.90609104891376,-66.5035299566477,0.769672439776931,0.0714590464739219,-0.398656596377604,0.917001894752725,0.0134329142235221,0.917090605543958,0.398676894248381,0.00124708278894669,0.00421181524296106,-0.0128163572195125,0.999908996659186,114.670903125478,2.71350857489329,0.953596705150261,0.725085910652921,579.402190814149,573.83949755197,522.994726703588,1.7457741391765,196.824644549763,0,1071,0.61532769830874,43,0,29,2.244568,3,2
1254,591.304625199362,358.924242424242,3.38516746411483,13.3792870454975,47.1930399005702,7.96707587488606,6.61315050467213,55.4321974774804,-3.48825734469643,-25.6254586121335,0.566329899237533,0.821929714900805,0.0608439725255124,0.727530464402955,-0.533242302990276,0.431685151084963,-0.387259433190757,0.20021036452868,0.899969966910045,139.198938441051,3.96714362476198,2.73335997484033,0.639469658337583,871.086785740088,592.43559755779,359.57050796729,2.97789126940906,360.224880382775,0,1762,0.645586425222262,44,0,35,2.667727,3.316625,2
1595,594.081504702194,631.98119122257,3.49467084639498,14.496194975873,61.8401862132224,10.3552513655169,9.0179249496293,-48.3431791239142,1.34605080075594,23.934395580579,-0.664484072078976,0.746933127912329,0.0234908573799957,0.689227513409394,0.600392864446141,0.405578405590906,-0.288836203951039,-0.285690935714213,0.913758357848447,239.013039430376,6.70195192768996,5.08268564982165,0.404104383075754,1190.98978251064,590.66117234125,635.101461669891,2.66656154170091,337.956739811912,0,1776,0.554306383947933,45,3,52,2.445836,3,1.732051
1509,602.335984095427,663.811133200795,3.28628230616302,14.2308291865311,58.849940534169,9.86227896174062,6.73827626787847,-77.3653319385949,-1.81569329524473,1.23365692553706,0.21862387922526,-0.975294668534473,0.0316845224160254,-0.975409201703026,-0.219348640508943,-0.0215189019223623,-0.0279372272347265,0.0262008289012222,0.99926624475128,216.457218804702,6.07903414494946,2.83777294139089,0.526334147192187,1051.1174501459,602.632959879713,663.243422693267,2.81575106351768,361.404903909874,0,1832,0.605283782946514,46,0,43,2.90857,3.605551,2.236068
541,598.153419593346,602.003696857671,4.8539741219963,10.1095745906918,17.3639193253268,8.09125074351781,5.8790350842251,-72.0521734897545,7.22522931124265,-120.526768448252,-0.305703937683345,0.943783337695186,0.125770083779226,-0.516607433874144,-0.0534570268818207,-0.854551991129228,-0.799788635672494,-0.32621366888267,0.503907511834501,18.8441058960286,4.09177116215485,2.16019084509685,0.849293563579278,379.515373700221,598.539864902276,601.839571452301,4.8980122916782,66.7689463955638,0,1014,0.846030970047597,47,0,7,2.817336,3,2.236068
2096,594.37213740458,309.88215648855,10.5830152671756,15.8780641414849,50.3993110083497,13.1474262827882,8.95848679268635,-41.0732427925955,-33.0932873766625,-144.3297823495,0.631579492811246,-0.55044271379753,0.546003812337881,-0.293735834327061,-0.821620725015598,-0.488527014459824,0.717514183757001,0.148162758654304,-0.680603550575128,158.755659382273,10.8034261163344,5.01590535092098,0.489490892106492,1218.79763796963,595.587289180999,308.580247090508,9.30855446430835,432.784828244275,0,2061,0.649850373384866,48,0,40,3.247488,3.741657,2
689,604.599419448476,338.747460087083,7.71117561683599,10.9582246597257,15.0342082612648,13.2839033059617,6.41671883371845,75.7072756740103,-65.2592037770532,-53.2960331185269,0.103321009180322,0.405559629305626,0.908210414022788,0.39941959643104,-0.853158237278009,0.33553689536554,0.910927414808021,0.32808902639705,-0.250137633532044,14.1267136276928,11.0288804401337,2.57339253693732,0.716961498439126,483.343227077169,604.469236814127,338.88156982388,7.8646050016179,62.7953555878084,0,548,0.780503104928123,49,0,11,2.638061,3.162278,2
485,635.828865979381,778.748453608247,3.45773195876289,9.74797422316132,16.3246080534195,6.94364260260153,6.52401688474496,80.6440940161947,-10.3010287803227,-48.6890721949315,0.15994638452218,0.970793801029191,0.17881988133756,0.629527702816407,-0.239849247873571,0.739031264346225,-0.760336784237736,0.00563330966469812,0.649504611498056,16.6558017561106,3.01338578704144,2.66017476952733,0.915094339622642,341.505159677894,634.831490362385,778.512762078396,2.9429735906887,624.272164948454,0,2862,0.874140711595568,50,0,7,3.068415,3.316625,3
769,635.866059817945,597.81144343303,5.28088426527958,11.3669139550554,14.4928286162288,11.6044525431741,8.35000187869602,76.733865335143,7.22101241089684,-98.3045517544302,0.227654450577636,0.965594996860344,-0.125697069060768,-0.112038703090524,0.154204058835545,0.981666153663473,0.967274924797489,-0.20939773226307,0.143289251449979,13.1276300812113,8.41645742667377,4.35765821088919,0.717350746268657,512.296446793126,635.949961914806,597.901544891701,5.28005312396242,66.5812743823147,0,423,0.792343818297768,51,2,14,2.673131,3.605551,2
526,644.203422053232,453.568441064639,2.19201520912548,10.0152633604499,28.6620689145319,9.44262959640552,4.13040407239964,-12.8373082413545,0.513093983553249,3.42584993277019,-0.97496579080204,0.222174511750716,0.00895505969186768,0.222308121777121,0.973143626293405,0.0597543437454666,-0.00456133288441544,-0.0602492235041569,0.998172943587164,51.3446371538359,5.5727033559321,1.06626486258097,0.643818849449204,470.985226379829,644.728812958062,452.89521593223,1.90706435752446,267.960076045627,0,1144,0.669063496746289,52,0,25,2.430002,3,2
2091,665.505021520803,778.421329507413,5.91822094691535,15.8654284015137,58.1686489178381,9.20995493165605,7.02297285283302,-88.719327414646,-11.5034037252925,-106.646029557872,0.0219011426449556,-0.979668082348226,0.19942614768128,0.282116200425545,0.197423385096891,0.938847408514471,0.959130225469044,-0.0356995160336238,-0.280704034788718,211.474482307919,5.30145436519597,3.08263423072684,0.700502512562814,1254.95552043808,665.707887211501,778.443611640066,5.74885909290197,365.416068866571,0,1725,0.630122730657922,53,0,51,3.176008,4,2.828427
841,676.686087990488,603.9774078478,5.89060642092747,11.7111386987679,19.2896498179572,12.4093681746443,6.76796768184128,-36.4028779253024,22.0320798987467,41.8724496549176,-0.746087965151387,0.550121335598283,0.375125664778915,0.643436498550541,0.450733545888482,0.618731559679813,-0.171295710948293,-0.702997714598246,0.690255020032714,23.2556618812136,9.62452615586723,2.862836658903,0.69047619047619,571.299655823865,676.706492683603,604.329544779518,6.09924162921015,60.05112960761,0,585,0.754195886319256,54,1,13,2.534227,3.162278,1.732051
2112,704.05303030303,895.481534090909,6.09185606060606,15.9183639695167,39.4176934638175,13.8771382802024,6.55745185575038,-39.4707995341488,-17.9626786508757,2.08132510058239,0.734322028226373,-0.604700078124893,0.308397429264989,-0.626619398759814,-0.778559298499351,-0.0345477614048714,-0.260996720208119,0.167878629479594,0.950630042553178,97.1096598754677,12.0359354279913,2.68751092753026,0.637488680953818,1249.53747495119,704.800024415099,894.774197486306,5.98042545964078,89.2083333333333,0,1075,0.637085100144077,55,3,37,2.693852,3.605551,2
3122,723.622037155669,446.599935938501,8.79628443305573,18.1333520038622,77.0951236891606,14.6786206745573,8.13655725768416,32.5653467757286,-7.39183113375404,-18.2140191797634,0.835774203790311,0.533787949238252,0.12865420912933,0.477401184103314,-0.822196360670397,0.309969762907784,-0.271237146599476,0.197645060015107,0.942001507725014,371.478631040435,13.4663690567212,4.1377227504733,0.449337938975245,1810.98890664564,720.93441437065,443.568930649573,8.64608524389342,242.647021140295,0,1953,0.57041411931082,56,1,58,3.032906,3.605551,2.236068
4135,804.905199516324,449.186457073761,11.9204353083434,19.9140211416348,104.695904332224,13.4246152952214,8.13037086971978,32.5927636086169,-12.7025301283152,-8.77173082587113,0.821899609547907,0.525480480245212,0.219889282836293,0.50411201451273,-0.850728986699539,0.148765816009907,0.265239719214364,-0.0114217367522551,-0.964114845482968,685.077023996389,11.2637684890433,4.1314331549493,0.371351594072744,2471.08255666899,805.729426803528,452.283216474355,12.9797013619627,569.453446191052,0,3655,0.504174115865986,57,1,91,2.763731,3.741657,2
443,826.455981941309,484.325056433409,18.7607223476298,9.45805208458879,31.8226738367646,9.73273397302335,5.52471890132679,57.9554950594276,-8.24662464089618,16.5334716549155,-0.525091571712123,-0.838871525972949,-0.143434320260911,-0.834246623473422,0.474041660247672,0.281632873743151,0.168259955248085,-0.267542645687464,0.948741018507403,63.2926606325691,5.92038191185268,1.90765743366735,0.354116706634692,496.975895650578,824.649970604767,483.356644937882,18.2801010420772,349.406320541761,0,2450,0.565480912624259,60,0,26,1.694788,2.236068,1
1345,847.817100371747,396.298141263941,8.53903345724907,13.6953947287736,31.9115252062191,8.77106346785934,7.5021130045279,-3.19018986955676,-33.8352859695799,57.797048497451,0.829354474083276,-0.0462256699301918,0.556807277033587,-0.440763803155891,0.558313829552637,0.70286053919524,0.343363402455194,0.828341025888356,-0.442665470400187,63.6465900616972,4.80822214732607,3.51760622079416,0.786549707602339,769.607767659524,847.877094875256,395.326943505302,7.89049375891367,429.04312267658,0,1830,0.765648680352422,61,0,16,3.472579,4,3.162278
513,912.656920077973,940.563352826511,4.21247563352826,9.93206563620856,11.980889118104,10.5018632960308,6.76984005223748,-9.23971785879661,-1.83964216308183,-121.28208265723,-0.986516472903236,0.16048268211367,-0.0321022963689684,0.0562945697509084,0.516919853902278,0.854180768958309,0.153675535161322,0.840856214452417,-0.518984254587393,8.97135650376896,6.89307079303246,2.86442089580492,0.835504885993485,357.532268838291,912.465042862975,940.58895087767,3.90589195808954,71.6276803118908,0,443,0.866789795215206,62,0,5,2.578584,3,2
678,956.994100294985,999.383480825959,6.17699115044248,10.8995949039911,12.240795984805,10.3301904805852,8.20853504448013,-2.24370776886732,11.9734050036909,86.6817398296868,-0.97749402292884,0.0382983309676486,0.207457641419843,-0.209217132275743,-0.0497294536840716,-0.976603897697832,0.0270855441279323,0.998028165575189,-0.0566229107156953,9.3648178963511,6.66955221032326,4.21125297352865,0.841191066997519,406.248569069272,957.031978841068,999.410194758355,6.24905826721167,36.8053097345133,0,314,0.918710632868805,63,0,7,3.42048,4.123106,2.828427
560,964.596428571429,236.967857142857,6.04642857142857,10.2265654354909,14.2990151936484,9.44749372573307,6.55724916332792,-26.6958487389976,56.6546268750163,-173.209954044849,-0.491090325474088,0.246948122322108,0.835372322445111,0.534342312764952,0.842766036486578,0.0649900033367203,-0.687974261883943,0.478290740686341,-0.545829077971258,12.7788647192617,5.57844610611035,2.68734478687279,0.812772133526851,385.220541278902,964.482981860137,237.0358630857,5.95452214601628,55.7178571428571,0,572,0.852903779043647,64,0,7,2.654068,3,2.236068
814,981.174447174447,54.95085995086,5.64864864864865,11.5844457703613,18.8624823425319,10.4120818010908,7.93816759925047,-59.9348328070987,33.2344049369194,24.7562177934708,-0.419041300712541,0.723898130529395,0.548065584499875,0.900898265491907,0.256314801401489,0.350264239990595,0.113078307074415,0.640526517170494,-0.759565057957923,22.2370775076456,6.77571546453789,3.93840655211187,0.66394779771615,565.309951070275,980.859929297174,55.2859509035623,5.39625720006922,49.6941031941032,0,485,0.745785205946579,65,3,18,2.407871,3,2
574,994.684668989547,990.146341463415,2.63066202090592,10.3110863381136,29.2590045209474,6.08193304548144,5.51618328623607,-65.426952374455,-3.51832408930911,-2.27033139271147,-0.415069244378508,0.907717754010815,-0.0613677555774716,0.909728922251585,0.413315736638609,-0.03953972516159,0.0105266514155226,0.0722397459882469,0.997331744561222,53.5055840973011,2.31186934810745,1.90176737795938,0.759259259259259,472.881922884971,991.991408408173,991.362305257625,2.32890519275721,778.858885017422,0,3609,0.706327324012467,66,0,18,2.471195,3.162278,2
362,1004.62983425414,77.3618784530387,4.33701657458564,8.84239645172421,9.97898828316832,7.85251396383471,6.8553203336564,88.7435375180704,15.3418537182177,-94.7381889736578,-0.0211462448167427,-0.964132534173234,0.264577574406539,-0.0768011736456214,0.26542128124723,0.961068740094971,0.996822158690709,-3.12662903272958e-06,0.079659173567259,6.22376294722567,3.8538734720137,2.93721355481518,0.889434889434889,258.291944271644,1004.68009705169,77.3588706712742,4.27975884126167,37.5718232044199,0,414,0.950996627407258,67,0,1,3.162278,3.162278,3.162278
533,1012.74108818011,386.174484052533,5.57223264540338,10.0594953813595,16.001233850077,7.77548967345798,6.44894918847406,-2.49417051773125,32.911370583448,-77.555286975385,-0.838716744750855,0.0365336675072392,0.543341065273921,-0.52069434323217,0.238382718522629,-0.819787216560358,0.15947295382148,0.97048388479574,0.180912703675614,16.0024677953032,3.77863997887823,2.59930910222002,0.868078175895766,358.789804582058,1012.74421184783,386.066392222125,5.7687074829932,64.2607879924953,0,546,0.886058039152233,68,0,5,3.032455,3.162278,3
1566,1012.04853128991,518.810344827586,4.76756066411239,14.4078013453468,35.3766134365656,9.83602327932263,8.19039008219784,-57.6983790962432,3.16723767518121,32.2083076516512,-0.533560012816514,0.843955618773414,0.0552505770469974,0.73091325892759,0.4272529993125,0.532184819872122,-0.425534394199918,-0.324335918638774,0.844823467496998,78.2190486400121,6.04670962196104,4.19265560616029,0.663278271918678,914.195412749519,1015.40805466559,516.747991260813,5.47005578562553,265.681353767561,0,1644,0.713355901650444,69,0,24,2.909661,3.741657,2
829,456.399276236429,467.902291917973,4.78648974668275,11.6551706345314,14.8195115814308,12.3237051100501,7.59718538093284,-68.279470681342,-10.0823437527654,7.8732606118667,0.364364570130228,-0.914653644423245,0.17506333361698,-0.911368088862799,-0.388869042503192,-0.134866876530969,-0.191433191052083,0.110406424296445,0.975276245398036,13.7261202195101,9.49210672746713,3.60732660701622,0.761948529411765,524.463709330721,456.233628352564,467.702804922533,4.69028740376678,62.8311218335344,0,468,0.81371383980628,70,0,11,2.603203,3.162278,2
635,486.966929133858,668.218897637795,8.32913385826772,10.664120267998,16.1205822074646,9.16338973758859,7.45490126039912,-7.13619023857466,-64.2250665798671,50.4049469867783,0.4314687804395,-0.0540190599577642,0.900509096382335,-0.609350733070566,0.718622723842112,0.3350717309534,0.665226559611396,0.693298869131505,-0.277146716467221,16.2420731692265,5.247981967684,3.47347205014377,0.749704840613932,430.525993548899,486.776682456365,668.406840780096,8.9337899543379,73.8047244094488,0,1112,0.829851844617128,71,0,10,2.986488,3.605551,2.44949
3365,750.782169390788,36.3417533432392,6.18841010401189,18.5921157879217,57.0407970314361,16.4318168925811,7.22648954439194,26.5659004124428,3.94349011954582,-36.0211681630765,-0.892302900638074,-0.446167982531395,0.0687725590387961,0.397890968774697,-0.70531948883745,0.586691738167168,0.213256442998595,-0.550870719888019,-0.806884836571888,203.353282873843,16.8752878994571,3.26388444595035,0.580072401310119,1969.78051199197,750.743774019486,35.7630124800874,6.05371957789376,480.742050520059,0,2514,0.551302125770127,72,5,74,2.594255,3.464102,1.414214
428,97.9742990654206,179.051401869159,6.88551401869159,9.35007401819248,10.9977753242138,9.17598655524675,6.04722757844777,88.1258851005693,0.970742648851732,-59.7353490854372,-0.0326989494332159,-0.999321646217617,0.0169418448486674,0.504203803976601,-0.00185751068141469,0.863582696508906,-0.862965412262559,0.0367803895436243,0.503922514066925,7.55944138011794,5.26242057887932,2.28556008659621,0.91063829787234,288.535874418521,97.9181680545042,179.117915720414,6.98049457481706,92.5934579439252,0,560,0.951875508492118,73,0,2,3.081139,3.162278,3
1465,133.987030716724,25.3699658703072,4.68191126279863,14.0911466302572,44.1923356766983,9.88723223293028,5.64256128054104,42.4838225632622,4.2571461609262,1.34866268294833,0.735433337121865,0.673518587389586,-0.0742328706876818,0.673906429247074,-0.738443778276484,-0.02347149215986,0.070625287746356,0.0327642910115399,0.996964678394002,122.060158285124,6.1098350767435,1.98990611279131,0.64001747487986,991.349091990711,132.123125271827,23.1421075522258,4.87784278238422,48.6532423208191,0,779,0.629239428301152,74,0,35,2.425915,3,2
3071,557.828069032888,667.538261152719,5.965483555845,18.0340691820813,66.3216438954096,17.288390538762,8.96142998837264,-62.7525267721443,-0.525910079951122,29.1164922516117,-0.457815422078411,0.888999881978115,-0.00917873357627013,0.774646834636764,0.403949806904921,0.486566372747563,-0.436265195602869,-0.215647312397755,0.873595395913472,274.910028061845,18.6805279637972,5.01920171478151,0.441362460477149,1710.21071801955,558.604146100691,667.380533200839,6.10001656173933,298.853142298925,0,1857,0.59743094180741,75,0,50,3.223756,3.741657,2.44949
2456,600.277687296417,577.144951140065,10.4291530944625,16.7395294868488,52.0158016095992,11.7815176307788,9.29360183002793,-64.5382546736621,14.8780272295784,104.913056063228,-0.415495529364403,0.872603376247772,0.256762171744952,0.125690761698664,0.334653312703452,-0.933921298996985,0.900869190005855,0.355767491569417,0.248725138336681,169.102726068074,8.67525985527198,5.39818968594363,0.546020453534904,1330.42917961605,599.907199231223,577.412348726756,10.3923092145866,485.563517915309,0,2323,0.661674815057626,76,0,38,3.31187,3.741657,2.828427
627,602.612440191388,460.918660287081,6.66666666666667,10.6191471653036,14.6087598763063,10.3517709246178,6.6811150497746,-76.4997278764868,-23.0806038413185,-113.194439499604,0.214763305801275,-0.894534831787382,0.392025709871724,0.298848798726534,0.442327963936641,0.845597639435786,0.929820476210874,0.0644469319579029,-0.362326475682081,13.3384915702235,6.69744757973512,2.78983114427029,0.787688442211055,416.512299630333,602.566757771591,460.830391580883,6.5916626222892,62.4385964912281,0,593,0.850552883103696,77,0,11,2.500426,3.162278,2
525,891.792380952381,699.704761904762,6.84380952380952,10.0089125259248,13.8153276328814,8.382155471292,7.29028065654767,65.1081823274427,-35.7227193826711,-2.27589407187171,0.341713632080924,0.736434370086725,0.583863179353718,0.896629457729831,-0.441606399360296,0.0322397824921801,0.281580200264812,0.512492152719438,-0.811211676580056,11.928954850241,4.3912831465569,3.32176200320207,0.826771653543307,355.426870980819,892.036323926662,699.832001839186,7.08994769814357,33.1409523809524,0,592,0.885469082729735,78,0,5,3.121831,3.464102,2.828427
484,986.45041322314,260.407024793388,7.02479338842975,9.74126997467566,9.94309826431516,9.37255113523284,7.87789772820586,-76.3612619131833,-43.2032266876527,-9.33910048023004,0.171881135195912,-0.708375556984659,0.684588157676159,-0.985116422127073,-0.124713283162721,0.118288764717233,-0.00158436716651518,0.694730643681023,0.719268254903018,6.1790751933642,5.49029467390965,3.87882953850444,0.888073394495413,315.146839309393,986.400219521119,260.523923736737,7.00552868002764,50.8243801652893,0,399,0.945949771032625,79,0,1,3.605551,3.605551,3.605551
671,54.0238450074516,66.043219076006,9.18479880774963,10.8619541679325,12.4703578064576,10.6319080722803,7.8160642723978,29.7183237358816,61.7570067049472,-179.91334261979,-0.410971801032135,-0.234588402098461,0.880948613914168,0.494578722703804,-0.869132541563511,-0.000715712250912591,0.765829005591377,0.435404302684577,0.473211398212976,9.71936398881732,7.06484182858865,3.81817879439084,0.821297429620563,416.163208632997,53.9174780596428,66.1237829105357,9.16670305200192,34.1326378539493,0,366,0.890639846702483,80,0,6,3.106623,3.741657,2
1437,332.722338204593,450.403618649965,10.6123869171886,14.0007955987944,31.6455224794896,9.21698236243916,7.56131604193924,-1.14708521168732,17.5389629305124,72.3697942239811,-0.953321155292015,0.0190884343516275,0.301354287420475,-0.293205686267213,-0.297062186303401,-0.908726847302981,-0.0721747907047256,0.954667318568435,-0.288792504134166,62.5899433124926,5.30954774184466,3.57334376788048,0.807303370786517,798.809678038714,332.675583866612,451.710512534492,10.2396277813656,592.658315935978,0,2569,0.770924744088395,81,0,23,3.17858,3.741657,2
2616,421.633409785933,307.056957186544,13.1360856269113,17.0954172751352,52.4809183419456,12.8796918768558,9.27913052141269,81.3309375044192,26.3451300013637,43.8693973883898,-0.135072110267606,-0.88589916697564,0.44377718618663,-0.666329778498754,0.412693853693762,0.621038170653941,-0.733321315191136,-0.211817017907576,-0.646044425415996,172.140424375872,10.3679039276717,5.38139145208826,0.543415039468218,1386.41995316336,421.983936185417,307.278478954765,13.0207844024678,641.91131498471,0,2930,0.662238589718756,82,0,39,3.441339,4.123106,2.236068
770,583.244155844156,1015.81948051948,5.35844155844156,11.371838961718,20.120430344056,10.3756736697914,7.22790035690315,35.5706917835777,19.9335046342677,-36.8789128948508,-0.764666850017058,-0.546856281984558,0.34092934068369,-0.631732393177204,0.531624393773049,-0.564171682518753,0.127274474642766,-0.646779491634872,-0.751982378320758,25.3019823268756,6.72841275637511,3.26515897308255,0.639004149377593,553.410093575287,583.604545187851,1015.63188672234,5.10228628425026,66.4038961038961,0,539,0.734115170192985,83,1,19,2.478139,3.464102,2
813,596.745387453875,687.444034440344,6.62607626076261,11.5796999911451,22.5192236049211,10.7335490358231,6.84204059236375,-78.6273983598048,15.6663315650232,-107.951591466648,-0.189863122047937,0.943945579484128,0.270034697508645,-0.352817264345204,0.191068662813156,-0.915976388380595,0.916227031289831,0.269183040073418,-0.296763404197107,31.6947144855273,7.20056718152621,2.92584496672208,0.635652853792025,584.082942579423,597.40851722951,687.375721880139,7.24559222855394,64.3222632226322,0,462,0.721223658929714,84,0,15,2.544673,3,2
876,668.057077625571,420.317351598174,6.32990867579909,11.8713969772336,20.4823502732256,13.0123116050392,6.73057437137703,-17.6106006356788,-12.1641604301077,-30.9754561826082,-0.931734823497757,0.295753439799351,-0.210713363431121,0.362765046904392,0.784395575300301,-0.503115396498422,-0.0164845208015927,0.545209578323934,0.838137683365794,26.2204170446941,10.5825158316649,2.83128946053983,0.638949671772429,617.309891407475,667.736257862928,420.457817703408,6.47091230522551,55.5319634703196,0,395,0.717216533832507,85,3,24,2.33038,3.316625,2
2846,770.642656359803,258.380885453268,8.11806043569923,17.5824243627581,55.5424882166594,10.0990641399685,8.01551011247058,-61.3176199632269,-0.631592406642579,96.3704049749423,-0.479924568759333,0.877240502144322,-0.0110231437778207,-0.102598596875078,-0.0436427330786488,0.993764982160617,0.871289811842439,0.478063189596317,0.110948864494245,192.810499831109,6.3744435314498,4.0155251476949,0.785536847916092,1464.27391016356,770.860861046074,258.357360213275,8.36602188011755,1004.57976106817,0,4070,0.66326192028304,86,0,38,3.406184,3.741657,2.828427
522,956.524904214559,262.708812260536,6.48275862068965,9.98981150140047,13.6946008820683,8.45448292890694,7.56321163677441,37.466791512785,0.470167607034731,24.0480247185826,-0.793679320446808,-0.608281020431592,0.00820588068367119,-0.552849409287447,0.726849812286039,0.407488504169469,0.253831965964915,-0.318878582790459,0.913173467908444,11.7213808324467,4.46739259969868,3.57513564141499,0.783783783783784,361.671888564225,956.681623240007,262.715245185305,6.49579219938501,47.3486590038314,0,1565,0.866861481745728,87,0,7,2.425238,3.605551,2
490,1004.4306122449,60.0918367346939,6.66530612244898,9.7813579571064,14.9453407780256,8.66534354332212,6.28712856280172,61.0801265850335,-15.252444971025,-49.2511874153377,0.466552228693764,0.844465475003216,0.263072384389684,0.474967090789166,-0.490102792840368,0.73089364145363,-0.746146956415529,0.216049332277754,0.629751860222881,13.9602006857072,4.69301117023715,2.47049909782483,0.787781350482315,353.186595219831,1004.29667096774,59.9680516129032,6.63556129032258,39.5408163265306,0,373,0.851028228378877,88,0,7,2.274518,3,2
643,1008.59564541213,149.194401244168,7.58786936236392,10.7087172124561,15.7307239483999,11.5608978651561,6.95910021793392,-18.9193913814839,-1.50886296881956,-30.6133773976767,-0.945647672862724,0.324125171110499,-0.0263315829737635,0.291731119129005,0.809780816439694,-0.509065794822241,0.143678227094617,0.489078626377039,0.86032474350102,15.4659797462977,8.35339746553569,3.02681724020299,0.674711437565582,468.227702792624,1008.37691629956,149.051585903084,7.73973568281938,35.303265940902,0,402,0.769427435422641,89,1,14,2.447587,3.316625,2
740,394.414864864865,351.532432432432,9.63648648648649,11.2221921132714,17.6205546038534,10.7574193766247,7.23362228290786,-60.7344124613451,-46.5249902884639,-2.78464026746978,0.336353349098772,-0.600219036162098,0.725674536675143,0.888567531049444,0.457526422054983,-0.0334262753871862,-0.311952187546,0.656053871073259,0.687225691410804,19.4052465342112,7.23262947778631,3.27033070823632,0.706106870229008,495.03809940944,394.581327351095,351.871297860006,9.76480225846293,53.6121621621622,0,670,0.799220557636649,90,0,12,2.853038,3.464102,2.236068
2066,672.138915779284,700.936592449177,9.83446272991288,15.8019456947116,47.2868675754337,9.32262962645891,7.72899922549425,-58.8368190854156,-2.35171493428775,-94.7618647603381,0.517041395899354,-0.854976277402264,0.0410336448029613,0.0498746351958799,0.0779493214379504,0.995709005709721,0.854506123846123,0.512776236156407,-0.0829446559022546,139.752990318538,5.43196394700809,3.73358931423066,0.734708392603129,1124.8422556906,672.248321636164,700.905624705047,10.0067017304906,495.385769603098,0,2156,0.697395884179734,91,0,26,3.338094,3.605551,3
1050,971.676190476191,258.04,8.39142857142857,12.6104395779691,23.9546074023568,9.47628941230824,9.10683266441557,17.2422276733762,-18.5801679643897,-40.7428262389642,0.905281238572128,0.280962657938788,0.318631235024576,0.025961832843081,-0.785239860220851,0.618647189564267,0.424018705159033,-0.551777443145613,-0.718157218797491,35.8639509875654,5.61250381411408,5.18340007360415,0.633675316837658,698.149769548742,971.968734834061,258.536192929406,8.88481352895061,51.0228571428571,0,535,0.715585818082114,92,0,18,2.557069,3,2
448,330.627232142857,158.372767857143,9.70089285714286,9.49350238631697,10.7073413573668,9.18319426811547,6.8661309887112,11.2605940682566,-27.7916099114773,-12.1894635010975,-0.867619047100366,-0.172746936085599,-0.466257102017428,-0.0943165390966406,0.977862026773706,-0.186789311918136,-0.488202396103793,0.118086208623433,0.864704613016178,7.16544743394853,5.27069106037181,2.94648467213377,0.892430278884462,303.016425953279,330.629705173373,158.321991470425,9.66326719821991,24.0758928571429,0,375,0.934408174334904,93,0,1,3.162278,3.162278,3.162278
883,576.44167610419,570.57644394111,10.1891279728199,11.9029340433799,17.9737326338534,12.0574849080918,8.45113001074815,-38.0671435056678,-21.6701183541869,86.4762856585271,0.731647323660455,-0.573007565794911,0.369262133615516,-0.252269999072316,0.275638934122788,0.927568340104225,0.633286697593236,0.771806651654055,-0.0571178703560463,20.190941549578,9.08643389430378,4.4638499036605,0.634795111430626,609.603142282582,576.788619457057,569.974578025588,10.0466483569565,82.0577576443941,0,685,0.730147714131215,94,3,22,2.411358,3,1
632,988.439873417722,923.889240506329,10.4240506329114,10.6472998611068,11.1622930429686,9.52172707246513,8.74033802190998,20.7109888455755,6.22419665561859,53.8395286114753,-0.929862426108983,-0.351569549798013,0.108419187257329,-0.126795914734121,0.582874437118605,0.802608364372318,0.345367434071967,-0.732568250887583,0.586570620875315,7.78729912356908,5.66645540265721,4.77459429607783,0.909352517985612,370.8240264633,988.268650957696,923.922667769051,10.48860410638,57.4129746835443,0,415,0.960419519644926,95,0,3,3.548531,3.741657,3.162278
1931,436.517348524081,686.737441740031,12.7426204039358,15.4499786572607,20.1504257822295,12.4749069028574,10.7466220168679,64.4508799104893,8.2592020019887,-6.24907911178322,-0.42681158784589,-0.892858385654216,0.143651563330921,-0.903598812499777,0.414614485275454,-0.107721932069391,-0.0366204113775657,0.175780350911921,0.98374804381194,25.3774787003211,9.72645638968491,7.21811779833931,0.913002364066194,792.976171332532,436.496010396529,686.694044695177,12.6528469427384,481.378042465044,0,1746,0.945682828380364,96,0,7,4.854343,5.385165,4.123106
1116,511.352150537634,12.4543010752688,12.3413978494624,12.8693078764282,29.6638093660645,7.76163354162249,7.31015874324928,8.56791918672117,-13.2691028128723,59.4676393769625,0.962440682748494,0.145004303576667,0.229524909617364,0.271179610149579,-0.472901735867831,-0.838346925355079,0.0130211838837947,-0.869101662728497,0.494462080055515,54.9963491316386,3.76518470215245,3.33990130321899,0.818782098312546,663.434494963349,511.183769424113,11.2296264262233,12.1059559151078,275.576164874552,0,1506,0.784263865334298,97,0,20,3.139989,3.741657,3
3068,552.690026075619,689.352020860495,11.5769230769231,18.0281948920299,60.4387090442565,9.4649513639461,8.79916314815307,-74.1605091782717,-1.19058069917858,101.737391827343,0.27288446115407,-0.961822407294038,0.0207780578436832,-0.201254875714881,-0.0359527142384729,0.978878887983531,0.940760620913546,0.271302523331409,0.203382386091741,228.302346933518,5.59908152011655,4.83907950673843,0.676068752754517,1592.94597414845,554.240074521961,688.98247464027,11.6165329927656,811.080182529335,0,3453,0.640993041140777,98,0,48,3.434016,4,2.828427
1968,969.346036585366,980.924796747967,16.4791666666667,15.548034319765,51.4877837081305,9.37793658295244,7.28738985063293,52.4635547730207,22.8486279897607,-1.46987756312173,-0.561459243439771,-0.730745029622505,0.38829784912879,0.798773546901294,-0.60116722811467,0.023638625417995,0.216158133612334,0.32343417494589,0.921230696270106,165.686991948452,5.49660590961736,3.31912817719424,0.673972602739726,1141.04534249051,971.605905736763,982.652905030011,15.1838670355516,833.280995934959,0,4064,0.665576456584981,99,0,31,3.23062,3.741657,2
1599,437.79612257661,604.631644777986,12.3989993746091,14.5083028912751,32.2318030066095,10.6132614164263,7.87500188525869,77.8895413566193,-3.58796105022531,-51.9680419174575,0.20938581857152,0.975828479174708,0.0625808134551664,-0.592048063703645,0.177451990055329,-0.786123324606367,-0.778226618181298,0.127552226389739,0.61489329179714,64.9305703160551,7.04008236833766,3.87597841830173,0.76653883029722,851.871672735797,438.719835330215,604.724484349662,12.4026782901875,428.853033145716,0,1967,0.776263066282562,100,0,18,3.700568,4.123106,3.162278
761,609.526938239159,9.14454664914586,11.7385019710907,11.3273593456552,18.1940883088044,8.85890423654574,7.79490903429608,33.5396615052295,-33.0832097302858,-6.82339597600006,0.698374889066038,0.462939793743456,0.545856447878712,0.494545559562602,-0.863432051668649,0.0995478863069394,0.517394630663009,0.200429138400665,-0.831944082640808,20.6890530867859,4.905011517018,3.79753792830941,0.775739041794088,495.176159137662,609.696848989298,9.30828378913991,11.9477804201348,66.3074901445466,0,648,0.814043292398623,101,1,12,2.453583,3.605551,1.732051
1474,1018.23066485753,12.1926729986431,11.668249660787,14.11994333153,30.1235607120615,14.2008566426207,5.68834579511563,15.9079795816144,-11.6550053980989,-9.46583041890351,0.941874518046936,0.268441838753062,0.202018245365926,0.238409636514568,-0.957714872469746,0.16106852041057,-0.236713407881438,0.103543238587237,0.966046355136244,56.7143068733284,12.6040205865166,2.0223298678006,0.763335059554635,910.27925489615,1018.98802273756,15.6698516754125,12.4775354819249,521.793758480326,0,4095,0.68808348586328,102,0,19,2.338398,3,2
1064,380.138157894737,902.543233082707,18.1578947368421,12.666238709897,26.2101227146545,8.49058778631824,6.9527351058114,-59.4890545701948,-38.8720355194499,-54.2588656584118,0.395271904917738,-0.670745494638402,0.627583143977742,-0.761858920584899,0.142291673185286,0.631920932449104,0.513157974027409,0.72791040737471,0.454769537818517,42.935658294828,4.50563005982353,3.02128284072389,0.877164056059357,616.08790196293,381.052557963668,902.017657628718,17.2752642621239,561.75,0,3056,0.818092722067909,103,0,14,3.47118,3.741657,3.162278
2740,419.319343065693,485.486861313869,14.0401459854015,17.361369497987,59.8065994732379,11.9986792081505,9.05976566384519,-67.0935502060617,5.58300940669201,-2.8142416913169,0.387381263983199,-0.916771970735848,-0.0972877689531842,-0.918171466515125,-0.393158183456475,0.0488651292709776,0.0830476633761833,-0.0703974179520361,0.994055978883203,223.551833784519,8.99801892125649,5.12995961773677,0.539901477832512,1475.02348856792,418.934538506221,485.593480986092,14.0387344695369,258.233941605839,0,2664,0.64197615434719,104,0,46,3.375674,4,3
1349,438.556708673091,243.060044477391,13.9295774647887,13.7089578916151,33.0680654109777,7.94736939293713,7.59689499129624,-32.7916040515468,6.64105495565864,141.864832227158,-0.835005368905322,0.537951077740095,0.11564891637001,0.365951982345881,0.699892753169638,-0.613375317956098,-0.410907751832948,-0.469849733445592,-0.781278469858666,68.3435593765438,3.94754251673712,3.60705084429887,0.833745364647713,770.629214953032,437.738503595412,244.341583679291,13.7984990109433,436.578947368421,0,2204,0.766149086828311,105,0,20,3.492589,3.741657,3
2045,448.333985330073,446.452811735941,17.8479217603912,15.7482232694358,44.0855097430954,10.0217264726923,8.40443892560331,-78.1920916860924,-20.6244475256851,-3.89562415384879,0.191516209689456,-0.916104689888137,0.352241023435864,0.981474532057743,0.180733815536878,-0.0635848318666911,-0.00541150147535415,0.357893119641105,0.933746877138199,121.470760581785,6.27718759334137,4.41466210338726,0.682576769025367,1103.9694406084,450.375484431069,446.065652442953,17.0163671097679,688.302689486553,0,3748,0.705758224215754,106,0,29,3.466827,4,3
2898,709.16149068323,437.005175983437,18.3726708074534,17.6888630515561,68.4620378877031,8.54430366162797,7.5044082000434,4.27777105117387,12.7924578287718,-101.3185633299,-0.972461806404668,-0.0727403641597157,0.221420131212321,0.201869229065053,0.21191199822482,0.956212381934602,0.116476819328357,-0.974577931429947,0.191392283357699,292.940664483581,4.56282031638182,3.5197589020549,0.777986577181208,1559.80122479239,709.331832297778,438.425552820255,17.961714738049,896.244996549344,0,4095,0.630202983517421,107,0,53,3.410846,4,2.828427
1749,111.495711835334,833.432818753573,14.4985706117782,14.9484809523004,53.4694758863001,11.3618003123397,5.62204507464064,-62.6572212953518,8.05532060255029,-1.48367034727383,0.454780960358107,-0.879510144846073,-0.140129166159646,-0.886310252595259,-0.462381771404915,0.0256365679641535,0.0873407936778997,-0.112538893655895,0.989801284690226,178.686553222226,8.06815664609272,1.9754619263307,0.593686354378819,1136.49425358264,108.31171858648,835.551664743236,13.7119060009102,297.753573470555,0,2546,0.617698793852507,108,0,37,2.640111,3,2
1875,228.741866666667,648.632533333333,15.5642666666667,15.2991587097293,45.3354359915975,8.07551311576849,7.48229120404629,-80.5527261909327,-5.91859429734745,-105.939976933957,0.163264947744495,-0.981178772026183,0.103115343975467,0.254630833699543,0.142883553675091,0.956424293197665,0.953156700321339,0.129894216246794,-0.273166244653632,128.456359784265,4.07586950518431,3.49904260388428,0.837053571428571,1026.55786010343,229.557962198673,648.500072435257,15.4947262194229,647.934933333333,0,3491,0.716310867166758,109,0,30,3.382026,4,3
1965,586.461577608143,623.186768447837,17.9455470737913,15.5401298779757,46.4424430502175,9.03386114086717,7.44107374021676,-75.7518155324088,16.5499779046622,-124.380901360165,-0.23592612340248,0.929084728753607,0.284851594857944,0.605181875668917,-0.0888734642681621,0.791110867521631,-0.760324773802701,-0.359030742619364,0.541297666904318,134.806282279543,5.10066544452935,3.46059865045896,0.737889598197522,1089.18087696466,584.558347452594,623.666147744774,17.3107748191588,488.387786259542,0,2495,0.696560997294923,110,0,32,3.404456,4,3
564,725.085106382979,842.223404255319,15.6648936170213,10.2508566560512,16.3157028701384,8.07554715734634,6.45770730730106,-83.0354482928943,-24.6265571374035,-44.1710204232436,0.110226236668261,-0.902335560655429,0.416702187091219,-0.747178270129354,0.201244717392303,0.633423394238165,-0.655419567450087,-0.381170696274445,-0.652023075439203,16.6376350091652,4.07590386815778,2.6063739791731,0.84053651266766,375.272727028024,725.080583474162,842.220937472205,15.5720670639509,79.7375886524823,0,597,0.879676905931759,111,0,7,3.153594,3.605551,2.828427
752,464.824468085106,331.980053191489,16.5651595744681,11.2825276390428,20.953506154921,9.20754453357243,7.22349569029419,85.2005009912626,22.1579019160311,29.9992919476568,-0.0774899935611594,-0.922900499824814,0.377160401316204,0.847216918000265,-0.260375048127957,-0.463064064861977,0.525565214556695,0.283653841390299,0.802073377885405,27.4405887615196,5.29867977110747,3.26118062423117,0.669634906500445,518.618110411749,464.598872441135,331.90614730622,16.7539570080497,44.1077127659574,0,469,0.771107640596722,112,0,12,2.722686,3.605551,2
778,742.552699228792,411.389460154242,14.9652956298201,11.4110863443185,22.9533319336111,9.51492037625156,5.80992528337336,55.4013300457783,-11.0954653101799,-8.60845176503251,0.557210800915806,0.80776315480363,0.192444301252215,0.797519849219437,-0.585138765632162,0.146883338250042,-0.231253569580608,-0.0716331675703131,0.97025278966879,32.9284654284083,5.65835686040044,2.10970198739882,0.729831144465291,547.156637425776,743.508636549469,412.145748160262,15.267068683565,50.3033419023136,0,476,0.747639406229804,113,0,14,2.465665,3,2
728,896.553571428571,233.232142857143,14.8997252747253,11.1612007344534,19.5327607736875,9.94827377324553,6.43607589185319,44.9757951495372,-24.0126759962354,7.87206390216869,-0.646183352885091,-0.645637617482967,-0.406938743971497,-0.739574517156767,0.661345179451654,0.125108301836423,-0.188352350732653,-0.381804427039521,0.904847374680673,23.8455464651316,6.18550944171531,2.58894205535587,0.693333333333333,497.631182357375,896.348363040714,233.3006228851,14.7594025475785,63.7321428571429,0,525,0.786437338171219,114,0,11,2.761853,3.316625,2.236068
505,105.726732673267,53.8930693069307,16.2673267326733,9.88016624021919,11.8806310650214,10.3654313495551,6.50971449095085,39.1860239212537,-16.0755551859616,5.66090048853866,-0.744790248969368,-0.60713364402768,-0.276904718865201,-0.64992994026906,0.754060439471224,0.0947835764587984,-0.151256595829743,-0.250562550901237,0.956211195449971,8.82183715644693,6.71513544139617,2.64852392210597,0.829228243021346,341.682461047307,105.948897828906,53.869468364531,16.3412906872361,59.5584158415842,0,663,0.89754388009922,115,0,4,3,3,3
3697,367.926156342981,330.988639437382,17.3454152015147,19.1844907807007,83.8009365350818,9.50573666103407,8.26950011026511,-26.9267972492196,3.42005343660971,111.88630172157,-0.889997922493825,0.452045229114712,0.0596557523739457,0.119453008281724,0.357420935127678,-0.926272775128851,0.440039403655083,0.81725478644489,0.372102052216588,438.912310259801,5.64743934180797,4.27403950460465,0.663496051687006,1958.16833180131,367.573761911119,331.571655449878,17.2347238447197,846.988909926968,0,4030,0.590473487171552,116,0,61,3.42458,3.741657,3
642,598.085669781931,1018.86292834891,17.1651090342679,10.7031628975528,12.2138907277891,9.67140821545117,8.019096130586,34.3378771486265,0.474012800127477,5.16128201729166,-0.825697319883912,-0.564052740067974,0.00827298968542818,-0.561170432916992,0.822797406580669,0.0899565058452207,0.0575472080667764,-0.0696342885792306,0.995911333753052,9.32369541939827,5.84600855436852,4.01911892197371,0.878248974008208,387.987230254281,598.149164561881,1018.86086555275,17.0456819506509,64.1370716510903,0,437,0.927591395124503,117,0,4,3.751123,4.358899,3.162278
2680,679.973880597015,775.433208955224,19.7858208955224,17.233707750781,76.0885729043971,12.9028300923035,7.75020093844226,-62.3618663665557,-12.8889978754574,67.1258399038804,0.452197707543109,-0.86357406185311,0.223062935036903,0.249016427321574,0.362386745331443,0.898146238500214,0.856450846351824,0.350593334937509,-0.378914583093129,361.841932914235,10.4051890244284,3.75410091163946,0.455472467709041,1637.04543783347,678.981314893329,776.368070005267,20.7681662207899,286.20447761194,0,3175,0.569962898863715,118,0,52,2.954548,3.605551,2
1029,743.571428571429,265.216715257532,15.5403304178814,12.5258032051551,29.1067368314801,9.14859501350649,6.20863314693076,-68.7317867889774,-9.92177054721949,-17.6940520197088,-0.357309206810338,0.917955156802175,-0.172303397612648,0.90680359375512,0.296772249683386,-0.299388500398166,0.22369035089017,0.263219607776771,0.938444492231946,52.9501330610651,5.23104942007222,2.40919534707296,0.765055762081784,675.810183005538,746.200340333125,264.496785996159,14.6588639443058,213.019436345967,0,2102,0.729350541322881,119,0,22,2.560026,3.162278,2
1487,356.345662407532,388.549428379287,19.2999327505044,14.1613323536772,17.7683998389983,12.0607562778541,9.75377169484518,-0.524506985502106,5.76206771031405,-26.9314912676107,-0.994905705165934,0.00910799319313065,0.100397620929329,-0.0373092103284709,0.891927635236624,-0.450636345988504,0.0936518053907204,0.452086427534822,0.887044080858364,19.7322520524073,9.09136512461229,5.94600389219768,0.894167167769092,670.42035567685,356.408124841322,388.726379214564,19.0456616987208,267.529926025555,0,1468,0.939746920845025,120,0,2,5,5,5
1711,390.578609000584,436.886616014027,20.6060783167738,14.8394269103156,20.0830557675625,12.0311288930499,10.0818034464461,-74.564028044874,-29.1592000627124,-5.86704423500786,0.232430526422098,-0.841769117073368,0.487237933589607,0.97213555673524,0.216758057928936,-0.0892659154097539,-0.0304714574349766,0.4944094435429,0.868694878779304,25.208070560189,9.04675390257372,6.35267254579829,0.912533333333333,751.469193687617,390.873430339982,436.778283448165,20.3308460143157,484.279953243717,0,1733,0.920604194606683,121,0,5,5.319856,5.830952,4.89898
664,568.790662650602,44.894578313253,19.4939759036145,10.8240507294995,14.6142883051201,8.65232695743582,7.54780880924661,76.5395429351035,-52.204301893491,50.6646129929365,0.142655153035686,0.596013289929195,0.79020102856181,-0.758714072820981,-0.446845504302135,0.474006382856148,-0.635611880801298,0.667156093813695,-0.388458856858083,13.3485889165731,4.67892261114816,3.56058861380879,0.923504867872045,388.692013567894,568.643403744851,44.8940420512059,19.048891820437,831.100903614458,0,3108,0.946943120867756,122,0,3,3.823438,4.123106,3.605551
502,567.677290836653,12.5278884462151,19.2231075697211,9.86056268427343,13.5270190661251,7.98485233200423,7.16773287307268,86.1045619578973,-62.443019340231,-35.1608676609934,0.0314291991032876,0.46156169774387,0.886551185560948,0.780965541559232,-0.564902509678937,0.266416924116192,0.623782837484986,0.683992656199052,-0.378218214692186,11.4362653009569,3.98486667274459,3.21102465873292,0.817589576547231,344.108731743905,567.660497445775,12.4517209613935,18.9497529520141,47.5737051792829,0,593,0.887682332628502,123,0,6,2.866709,3.316625,2.236068
564,679.471631205674,851.251773049645,16.6028368794326,10.2508566560512,19.8692082493129,7.17503249485969,6.0163717154595,-55.7708246970676,4.13370683140995,112.660153111415,0.561041130666992,-0.824643386382795,-0.0720842215399501,-0.281116691904075,-0.271711084424151,0.920405612832713,-0.77859248341659,-0.496121327798119,-0.384262114800586,24.6740897784101,3.21756820639327,2.26229553866132,0.825768667642753,394.18061728833,679.248028112044,851.424360400445,16.5647942157953,70.1347517730496,0,507,0.837480933648027,124,0,9,2.739569,3,2.236068
667,917.595202398801,941.52323838081,17.5712143928036,10.8403275220331,11.5985865679105,10.7026410441905,8.03284175267429,37.8039242802366,-19.1540183261634,5.45988334989183,-0.746372367761245,-0.579027635845363,-0.328108649032303,-0.634846853428147,0.767392217893421,0.0898813473919772,-0.199744239803941,-0.275383697491239,0.940354219335033,8.40795064833206,7.15915783254945,4.03290916396921,0.870757180156658,401.774598018595,917.828512132822,941.267592592593,17.5892720306513,46.9565217391304,0,477,0.918866049048738,125,0,1,3,3,3
3632,389.01018722467,647.499174008811,18.5892070484581,19.0713925693406,49.0177418927447,32.003816148609,13.8863409576106,-18.9936944361133,-8.11812372776187,14.0488604545192,-0.936079035333184,0.32220263229725,-0.141214387901582,0.283315852230866,0.928428793904548,0.240316671339392,-0.2085381679319,-0.184947123226263,0.960367843134044,150.171188766484,64.015265504623,12.0519040744384,0.31050696759853,2098.59503702148,390.200989132472,649.187810791592,19.2815353483116,336.476046255507,0,2497,0.544485154248591,126,4,63,3.07347,4,2
2222,526.339333933393,506.834833483348,18.0013501350135,16.190060715364,48.585188676061,11.9358335419288,7.73970067325226,-71.6110660243423,4.18501256087071,46.5646249271344,-0.314624608835559,0.946406713166465,0.0729773169452019,0.66914561715373,0.166607520007804,0.724214110136501,-0.673242525809998,-0.276688032900409,0.685702729971725,147.532534918028,8.90400764628949,3.74393540697134,0.619804741980474,1202.47915616293,526.671581389167,506.848650447692,18.0434540542412,805.914491449145,0,3542,0.684808702250849,127,0,38,3.456456,4,2.236068
751,673.07190412783,13.8508655126498,20.2476697736352,11.2775243001875,19.7067742733215,9.08517206089077,8.29849949983537,-47.9346286226419,-37.9303907869095,-12.1561214919494,0.528450650774908,-0.585558981826431,0.614703659089459,0.81245809969987,0.558860197134913,-0.166093697322933,-0.246275751806083,0.587193289182294,0.771072172505031,24.2723095162279,5.1587719609994,4.30406837179798,0.644635193133047,513.434357823231,672.782734462077,14.2516055411072,20.5429382729154,50.1757656458056,0,608,0.778202261487608,128,1,14,2.687279,3.605551,2
1351,795.422649888971,329.152479644708,20.180606957809,13.7157294204473,32.7227247610217,8.90128588889898,6.83094095402858,-2.75873552921218,-17.3389489425081,46.6264007864518,0.953452151266004,-0.0459432943247204,0.298023839571304,-0.183326150653763,0.69638327671498,0.693860111548562,0.239417037264903,0.716197979345307,-0.655545525992662,66.9235447365989,4.9520556547445,2.91635964483907,0.833950617283951,774.611312901657,795.46457573699,327.867591390158,19.5975208416848,616.717986676536,0,2991,0.762963663729245,129,0,23,3.20426,3.605551,3
533,73.9174484052533,111.482176360225,18.7673545966229,10.0594953813595,13.0655632615678,8.88920369533818,7.23307702560793,72.2552078992615,-11.9411304223411,-20.2408279659693,0.298182555164461,0.931813735019296,0.206906565930086,0.871791393297722,-0.354133865212478,0.338480386553915,-0.388673295156241,-0.0794504168589363,0.91794373514575,10.6693089588769,4.93862139607587,3.26983770364858,0.868078175895766,351.903233777565,74.0458481573471,111.544639860375,18.9453581257971,55.8986866791745,0,610,0.903397753135562,130,0,6,2.333333,3,2
1395,92.4043010752688,218.198566308244,21.3885304659498,13.8630416628387,32.5666306354544,8.01907515134869,7.87988973793162,-61.3119632319065,-14.5892000981722,-140.047473044901,0.464562240148002,-0.848961065767973,0.251886946543043,-0.594830255839179,-0.509882272437964,-0.621447531970153,0.656017447761084,0.138871080731753,-0.7418597786438,66.2865894341322,4.01909789268613,3.88079139262251,0.832835820895522,795.051000267369,93.8102971300826,217.45109530838,20.8185709100039,896.55770609319,0,4095,0.759402357874957,131,0,17,3.568646,4.123106,3
678,110.5,1010.86578171091,17.9675516224189,10.8995949039911,13.3400701766812,11.3726765041065,7.18805357875224,45.5843904320955,-47.8548180439395,3.76533677490266,0.469612751672575,0.479291471182083,0.741446929401307,-0.746816952822714,0.663568136934645,0.0440654810671669,0.47088034832971,0.57441884831297,-0.669563054730241,11.1223420199237,8.08361067919101,3.22925714068831,0.814903846153846,432.127087700868,110.822474367738,1010.63961722488,18.0252358168148,53.9454277286136,0,463,0.863692396552645,132,0,2,3.239451,3.316625,3.162278
1013,413.402764067127,722.766041461007,20.5370187561698,12.4605422192861,25.0967641282299,8.02412051673004,7.37182352990809,80.4110970527984,14.7551309649663,-52.0912163756113,-0.161084562923538,-0.953512195490381,0.254688548307236,0.639295127881167,0.0957927180987673,0.762971490048385,0.751899928883581,-0.285724077057508,-0.594144972826078,39.3654731067505,4.024156879188,3.39648638475666,0.859932088285229,591.420328445256,414.34567114793,722.902880467106,20.0653501634811,326.980256663376,0,1988,0.824759841706081,133,0,16,3.421345,4,2.828427
434,450.126728110599,490.882488479263,18.7857142857143,9.39356336032121,13.1490761966659,8.29555356580885,6.10840569425224,88.5609022869721,12.3647263029336,-53.6196313326751,-0.0245318073812058,-0.976496194539194,0.214134005886699,0.597285664380633,0.157447880291645,0.786422278497407,-0.801653307578779,0.147191531828911,0.579384697248609,10.8061378016079,4.30101306020025,2.33203875784832,0.846003898635478,310.4368006561,450.264522368503,490.828320958383,18.6697760029949,73.8571428571429,0,478,0.892971116838847,134,0,6,2.842533,3.162278,2.236068
784,617.352040816327,312.271683673469,20.5408163265306,11.4403456681555,16.6549598756974,9.58292961988544,7.73129182425553,31.4461549170957,-27.8631913109175,-0.325733967311722,0.754224002212421,0.461214651748483,0.46736195769361,0.51942184631117,-0.854503180135969,0.00502600360242981,0.401680345624944,0.238967278408659,-0.884051774382352,17.3367305288181,5.73953375622986,3.73580457948753,0.794326241134752,485.007551321665,617.183563881552,311.896687751981,20.0922077019324,73.3979591836735,0,601,0.847773165729687,135,0,4,3.232527,3.605551,3
1561,65.9173606662396,988.787956438181,21.47533632287,14.3924510233203,44.7679101347936,8.13072767904233,6.94633709553587,55.6304870968041,-10.5413450277506,35.7639651649607,0.555000427566842,0.811483611563599,0.182945001473997,0.730127269132917,-0.369821032930157,-0.574583827192326,-0.39860844982154,0.45246740409246,-0.797737144656496,125.26036111481,4.13179578692157,3.01572494030111,0.703787195671776,988.357638260509,68.076552586697,990.247301876066,21.9071313246163,281.710442024343,0,2132,0.658423419993024,136,0,37,2.637764,3.605551,1
2721,255.693495038589,713.123116501286,21.9378904814406,17.3211466956198,63.7917305334487,10.5820289345041,8.39090231049926,15.8041067132838,4.56685744502961,-23.1314068566248,-0.959143593651697,-0.271484533119151,0.0796223274841022,-0.28055059655232,0.876324984552306,-0.391594029861971,-0.0365366874667997,0.39793299652891,0.916686642611572,254.336555278258,6.99870852316763,4.40045259902136,0.642048135913167,1527.66425178706,255.788592069023,713.163837957878,21.8420298484836,504.24954061007,0,2887,0.616985895926474,137,0,52,3.106505,3.741657,2
1611,385.117318435754,422.253258845438,21.5195530726257,14.5445059182043,20.9895890634828,11.58518022053,9.47186133399911,-71.7114575121582,-11.0868814137839,-0.77998708786368,0.307946005752925,-0.931767681766666,0.192297282237668,-0.950221718267416,-0.311288012904782,0.0133588605319741,-0.0474124843658321,0.186838861688263,0.98124578780716,27.5351780658672,8.388525046385,5.60725982065671,0.890547263681592,736.512022240662,385.492804729647,422.077403866878,21.227874543664,374.409683426443,0,1923,0.902335362691862,138,0,8,4.796874,5.385165,4
2038,550.46025515211,700.717860647694,20.2404317958783,15.7302340953437,50.3183178313749,9.0863017583181,8.25765989088755,-83.6914579385723,0.497686246883495,-140.813771661087,-0.109878351268426,0.993907087530792,0.00868615441895425,0.771005917285837,0.079714473341849,0.631819181609783,-0.627277150414996,-0.0761203264305213,0.775067140621607,158.245819336204,5.16005497770091,4.2618091795983,0.687816402294971,1160.69763779156,550.144839498221,700.483803445702,19.9470288020063,201.129538763494,0,1215,0.669732144234422,139,0,39,3.134365,3.605551,3
482,548.178423236515,738.126556016598,20.7780082987552,9.72783372317443,14.6611993389485,8.82050068057424,6.126003681886,-85.6006059162475,-37.4123078213147,71.2130721685857,0.0609283315676109,-0.791943822825828,0.607546475506525,0.276979769212428,0.598187295923889,0.751966865255574,0.958942097240192,-0.122461996077473,-0.255798971181089,13.4344228785239,4.86257701600066,2.34549506940506,0.782467532467532,350.853033960943,548.453927253558,738.26942540854,20.3052714812862,39.356846473029,0,343,0.847338449194367,140,0,4,2.266124,2.828427,2
1372,577.787172011662,238.134110787172,21.5349854227405,13.7864303057977,15.9819709981515,11.7698504659392,10.2550835955466,46.608135176812,6.15320697947447,-3.97273697400397,-0.683026510350163,-0.722485741384574,0.107187404366654,-0.730027759986215,0.679937239728517,-0.0688826515159966,0.0231139743096571,0.125298457797163,0.991849807513852,15.9639623116098,8.65808624941054,6.57292122197812,0.937799043062201,614.649156202974,577.873089332855,238.189783190922,21.232977256998,760.365889212828,11,2157,0.971462950760181,141,0,2,5,5,5
1266,678.751974723539,764.166666666667,21.4826224328594,13.4218287850252,21.5705058402428,10.6903124205658,8.04264640601055,-78.037250363433,2.24898974228095,-119.425356674319,-0.20711605397416,0.977529022668357,0.0392421970233578,-0.487704371006775,-0.0683948157381987,-0.870325568785052,-0.848084539823158,-0.199396988495776,0.490910841489324,29.0804201377468,7.14267372808153,4.04276007575715,0.894067796610169,652.945506977845,678.406394167059,764.325502070232,21.2154122776952,861.913112164297,4,2618,0.866754936551957,142,0,8,3.77618,4.24264,3.162278
518,692.071428571429,455.957528957529,21.965250965251,9.96422928569791,12.1765316008115,10.5156428247989,7.07409541666679,-3.52238659346705,-43.2507707319149,40.8831772552036,-0.726985782363169,0.0447494723875624,-0.685192788171946,0.401174047684251,-0.782170841533989,-0.476726502429481,0.557271079194359,0.621454953616951,-0.550674754204792,9.26674511409751,6.91117150117153,3.12767662275663,0.76401179941003,370.603767263085,692.175749178982,455.916666666667,21.7259852216749,37.6216216216216,0,536,0.841642132251423,143,0,6,2.5766,3.162278,2
518,727.067567567568,270.106177606178,20.0521235521236,9.96422928569791,15.3127303594981,9.76427033051433,5.5769612040247,72.6904274063924,11.6724416127969,3.70008939612766,0.291381443755736,0.934967901451688,-0.202316280832388,0.948836340485608,-0.309379128117632,-0.0631993200837977,0.121681770239848,0.173549930395264,0.977278859103734,14.6549819414184,5.95881094296015,1.94390601694979,0.738944365192582,391.041638229275,727.163629784704,269.807939830968,19.9169057403531,74.6930501930502,0,507,0.79765353457534,144,0,5,2.425798,2.828427,2
1470,767.878911564626,427.041496598639,20.2959183673469,14.1071593106596,34.9543129066848,8.20262839921224,7.57353993791599,67.9777165189807,5.80343005994202,85.5715465530379,-0.373045330272319,-0.922286704421375,0.101115856370687,-0.033778537265441,0.122411173101762,0.991904488910126,0.927198032775213,-0.366609791941529,0.0768184123134869,76.3627494236519,4.20519454097269,3.58490669945053,0.816666666666667,831.112887235196,768.105600489766,427.172224634496,20.1482757039718,504.474829931973,0,3191,0.752261780887392,145,0,23,3.377612,3.741657,3
760,1001.34078947368,334.871052631579,22.4684210526316,11.3223955591539,19.7585737603591,10.2957040709424,8.72529259937672,-48.1700419782476,-2.46036597156275,-126.850616729878,-0.666307365076509,0.744440499348196,-0.0429282910795205,0.423966169175018,0.425569825047511,0.799464202703343,0.613422515595784,0.514488743258042,-0.59917789547087,24.4000773152218,6.6250951447763,4.75817068404613,0.620408163265306,550.81280176812,1001.51125512904,334.67569122215,22.2758752924033,34.3118421052632,0,433,0.731176953239921,146,3,18,2.373895,3,2
2211,333.288104929896,734.33921302578,22.9529624604251,16.1633002356484,65.8989768538563,10.8882856079392,6.9405783202138,83.2336007822757,-4.83075931439881,17.3004616742152,-0.117403102230389,-0.989507309697833,-0.0842127997470534,-0.951058952276866,0.0876222048787379,0.296326202868087,0.285838032600127,-0.114880952584599,0.951366903908552,271.417196899068,7.40967271750349,3.01072671368886,0.566632496155818,1402.77173474306,331.494545805293,734.113384331154,22.873092589982,304.787426503844,0,1830,0.585090365024627,147,0,52,2.917315,3.605551,2
470,339,630.293617021277,22.5893617021277,9.64642544023908,13.7298355028122,7.77685321811833,6.80603033069254,-12.186439716276,34.4177513339058,63.7981859666144,-0.806349160898219,0.174139108849022,0.565222612328988,-0.588919798589066,-0.324530140916785,-0.740171371012379,-0.0545389910848259,0.92970735094749,-0.364238575724276,11.7817739333927,3.77996537350984,2.89512805389418,0.92156862745098,321.31388712768,339.076790842886,630.316244777757,22.730461085393,612.66170212766,0,2227,0.909815225518605,148,0,1,3,3,3
2357,449.323716588884,526.431056427662,22.6410691557064,16.5115174076214,44.0149661337435,19.8119656388001,8.62173862678935,75.9799852791561,2.0930092852495,-1.80261977874609,-0.242099204682208,-0.969563888932843,0.0365217793879828,-0.970009343519131,0.24102631483128,-0.0314354742995586,-0.021675990815362,0.0430369705750188,0.998838310531738,121.082327734662,24.5321239045624,4.64589855929197,0.540720348703831,1308.54047067712,449.445625587381,526.065539714617,22.5884028771675,345.352142554094,0,1729,0.654540745947038,149,0,34,3.273705,3.605551,2.828427
4136,660.087765957447,952.286992263056,21.5705996131528,19.9156263343825,102.327326506761,9.31400894196957,7.78702525221455,-33.0996918015836,-3.71429431840542,110.881311772228,0.835962009333238,-0.544950370326975,0.0647812691449363,-0.245351649509131,-0.265538508410072,0.932358229777859,0.490887041013189,0.795310250425484,0.35568457730617,654.43010937633,5.42192266069311,3.78986014241424,0.611291752882057,2357.51794115792,655.702687460686,959.131893803006,22.1146136549321,334.402804642166,0,2060,0.528546017356695,150,0,78,3.019181,3.605551,2
580,677.591379310345,538.912068965517,21.5103448275862,10.3468890085011,16.6887393117334,10.1122808654255,7.12376594634517,-16.3470643831018,36.0688438509736,90.9464992005119,-0.77563374965877,0.227502955600103,0.588756903639773,-0.560229687095689,0.181536974326898,-0.808199866771148,0.290749005306883,0.956706189038961,0.0133522944696897,17.4071262384372,6.39113901882822,3.17175257864419,0.650224215246637,449.822258143016,677.558097575058,538.983869803695,21.4540993071594,47.7793103448276,0,1153,0.747701947963682,151,0,12,2.202967,2.828427,2
519,18.9344894026975,200.963391136802,22.364161849711,9.97063715195645,14.0814588556343,9.51136478958241,6.77194122460724,48.767012260197,-39.0998510108084,12.2509361942614,0.511510767532824,0.583615717760592,0.630673789435371,0.823116976010321,-0.543471641218568,-0.164672459733921,0.246647883634961,0.603350038679028,-0.758375601087225,12.3929677189326,5.65412876003175,2.86619924684594,0.776946107784431,371.071180091823,19.1083811710677,201.320505166475,22.417588978186,41.9556840077071,0,404,0.841663455879533,152,0,5,2.918908,3.316625,2.44949
571,54.1943957968476,233.889667250438,22.415061295972,10.2930913864679,12.934502205665,11.5349191073549,7.39177810670752,35.2067892640163,-19.1384820143138,57.8941357419996,-0.771915888583466,-0.544663755614767,-0.327852488585974,-0.53332970290824,0.274154428850448,0.800249196898999,-0.345984521255224,0.79257854024778,-0.502109518522096,10.4563342067721,8.31589742582632,3.41489897367503,0.704069050554871,419.140949725132,54.3453275416764,233.942357360883,22.4529232214135,29.8353765323993,0,386,0.79411141135796,153,1,12,2.615355,3,2
530,137.154716981132,326.716981132075,22.7245283018868,10.0405865108726,15.3952208248991,9.02869865287158,5.84537321253154,-40.4311482286924,14.6942540668162,34.6243663969984,-0.736289895320248,0.627322339274044,0.253660940424497,0.643383722733443,0.532903638258573,0.549609950467085,-0.209605761778997,-0.567873573058756,0.79598054602517,14.813301515463,5.09483746027282,2.13552424961133,0.803030303030303,374.321324450792,137.372315728381,326.380828013155,22.6375507835171,39.011320754717,0,493,0.846103455491635,154,0,5,2.888039,3.162278,2.44949
1707,444.31575864089,883.405975395431,23.166373755126,14.8278539464399,41.3118646370937,8.98825968838331,8.11772542950518,-80.0624268227758,-1.83480838011006,-7.78376379493147,-0.172486593567025,0.984491353116297,-0.032017974309555,0.976669211775436,0.16671372455898,-0.1353653752391,0.127928205684257,0.0546196821934737,0.990278276297875,106.666884987097,5.0493007641135,4.11859163430219,0.732618025751073,993.081686247246,444.522419466102,883.29838733691,23.2200532012566,472.171060339777,0,1969,0.695539019692258,155,0,33,3.12515,4,2
438,509.7100456621,206.719178082192,23.1575342465753,9.42233402499634,13.4569518593559,7.49862702117186,6.70761387100986,67.1483875196749,25.4913989332184,-26.2099846038793,-0.350540343629345,-0.831804250769978,0.430375598621968,0.90058199441731,-0.173254770029618,0.398666346702759,-0.257047736460684,0.527337153122156,0.809840717744829,11.3180970840638,3.51433795016555,2.81200524016024,0.88663967611336,309.61292699373,510.121356361419,206.98495983707,22.8960654397824,681.584474885845,0,2767,0.900840244364058,156,0,1,3.605551,3.605551,3.605551
1223,554.39656582175,594.256745707277,23.3851185609158,13.2681165634806,18.8383659743908,12.8885397476817,7.47026554716458,-29.3660838244298,-7.33414336973689,-2.91164092862519,-0.864374077257127,0.486375867494192,-0.127655670007888,0.495406054248292,0.867199325450197,-0.0503802674949431,-0.0861991646132911,0.106788789008939,0.990538166130904,22.1802520365678,10.3821535517232,3.48780420907213,0.922322775263952,640.735286609449,554.413157302404,594.184457724412,23.478346333743,693.837285363859,31,2040,0.863156980376004,157,0,4,4.168232,4.472136,3.605551
350,629.225714285714,604.625714285714,22.6571428571429,8.74359045590235,9.95461454742131,7.71750476721605,6.75762592600206,-68.7557761750964,56.5186048312997,38.6163118358422,-0.199892973364528,0.514177375934544,0.834065000630379,0.916861405894116,-0.20205302392541,0.344296003323394,0.345554571061291,0.833544360906883,-0.431040412048549,6.19339692423326,3.72249248950016,2.85409425973595,0.911458333333333,251.030456771317,629.204860827271,604.742739924794,22.632730115262,559.222857142857,0,1958,0.956760134215905,158,0,1,3.162278,3.162278,3.162278
507,754.615384615385,834.165680473373,22.6074950690335,9.89319218310851,14.5865390599632,7.56569065107067,6.92110282087996,-76.471905049023,23.3388598206918,-112.369194333369,-0.214782135976013,0.892703359184866,0.396168331098838,-0.455713358917094,0.267168020625316,-0.849085733751105,0.863825195609668,0.362907648383453,-0.349433928196319,13.2979451092395,3.57747968923114,2.99385401607454,0.866666666666667,343.961999297127,754.392151545673,834.326799411172,22.4015650422251,50.9151873767258,0,551,0.893948087099523,159,0,6,3.155018,3.605551,3
911,976.562019758507,941.569703622393,23.3501646542261,12.0274414537372,30.9118536208029,7.36745409320703,7.04244348805337,83.5475959751696,9.15547773431093,-18.9524842807215,-0.110946137912525,-0.981006455398711,0.159114075267878,0.945604624884536,-0.0549352669435367,0.32064623784292,-0.3058150550239,0.186033467182385,0.933739096969185,59.7214183921216,3.39246123846957,3.09975064265158,0.752270850536746,628.624631997797,978.282242926863,941.725908915834,23.222006074878,225.14489571899,0,1226,0.722944538879951,160,0,23,2.65639,3.741657,1.732051
491,104.171079429735,330.276985743381,22.7698574338086,9.78800742071595,15.2205834226324,9.35333694461386,6.06752134394698,77.7394165221043,10.363765223426,11.3860958701886,0.208893648457816,0.961249438630894,-0.17989708270501,0.950417953015333,-0.242883930761422,-0.194198637389722,0.23036744175366,0.13041055520805,0.964325634249242,14.479134982832,5.46780699996741,2.30092595370326,0.711594202898551,375.236625516256,103.906792567773,330.399329881206,22.7723119098386,26.7454175152749,0,307,0.80210870729034,161,0,13,2.205513,2.828427,2
1896,510.748945147679,650.232067510549,23.375,15.3560636496154,46.6972961552708,12.3548050885396,6.37587751053204,80.5252616554929,0.910432684989888,-20.221502795116,-0.164591956039287,-0.986233753038772,0.0158893792899869,-0.926466554271151,0.149049315325952,-0.345606749670496,-0.338480740698938,0.0716050694289485,0.938244905239551,136.289841763317,9.54007554848768,2.54073837683176,0.642276422764228,1206.97978397239,511.018175517843,650.936027735562,23.8579607818305,299.848101265823,0,1679,0.613775690812677,162,1,38,2.85545,3.605551,1.732051
1204,717.423588039867,261.506644518272,23.5656146179402,13.1990484043721,31.1841265656281,13.0332362030172,5.61503673075566,76.9471381497959,2.49345240056746,15.1711841122752,0.22563609052639,0.973239770354485,-0.0435052186791087,0.937639429077911,-0.229069961481866,-0.261456026484657,0.264425141940807,-0.018201707256373,0.964234433196895,60.7781093538194,10.6165778702274,1.97053984298345,0.643850267379679,824.46870598745,713.469609054406,260.133455411905,23.9207408551383,150.584717607973,0,1547,0.663836212762972,163,3,31,2.533164,3,2
484,727.175619834711,494.444214876033,23.6776859504132,9.74126997467566,17.4345586464372,7.9348610554694,5.79192371646735,-20.523273495463,-14.641700465198,22.3658150020281,0.906116477487873,-0.339202647762987,0.25277360023457,-0.234134040488141,-0.899799060603436,-0.368161515671956,-0.352326808956777,-0.274414311375616,0.894741641705907,18.9977396997536,3.93512624810031,2.09664877108606,0.820338983050847,363.430032671525,726.878989869329,495.244721773602,23.9652620760534,70.3615702479339,0,435,0.820276404497964,164,0,8,2.744272,3.162278,2.236068
397,81.6095717884131,145.982367758186,23.4508816120907,9.11865171316781,10.9333674716837,8.34476965445513,6.32624326129109,52.8985004319958,13.3084431004573,-24.9476317306755,-0.587029128268682,-0.776149418496796,0.230193142233203,-0.781719354741033,0.469505433253701,-0.410462542223423,-0.210503332485196,0.420899902960714,0.882344387810275,7.4711577669295,4.3521987866197,2.50133461256444,0.936320754716981,273.155316703438,81.5384094099424,145.889684883102,23.4164770802072,52.0377833753149,0,369,0.956316107853504,165,0,1,3.605551,3.605551,3.605551
1047,346.314231136581,585.278892072588,23.9255014326648,12.5984181792832,36.7334955094174,7.73223547754848,5.7741085539495,25.8132285655922,-1.46603777687609,-26.7905944339664,0.89992358815548,0.435296421134147,0.0255843942505706,0.378317831298602,-0.80861001434708,0.450583469757979,-0.21682516920987,0.395811660320182,0.892367623545191,84.3343557712744,3.7367165925162,2.08377059954954,0.816056118472331,725.716621723812,346.070696503688,584.917322382893,24.2871438929891,782.431709646609,0,2778,0.687091921037178,166,0,27,2.914023,3.316625,2
585,447.034188034188,350.735042735043,24.3162393162393,10.3765364169848,28.7409491824212,7.02323483036257,5.42574187504804,-44.6534417860104,-5.44415062214637,-11.916425485792,-0.708161927675742,0.699646578801488,-0.0948754391923946,0.701607042522447,0.682272240099484,-0.205553273563176,0.0790837661817052,0.212130278746352,0.974036191712357,51.6276349941574,3.08286421765112,1.83991718091561,0.747126436781609,474.323616317184,448.802012508827,348.818596792091,24.4052910319782,338.905982905983,0,1751,0.713148467693134,167,0,16,2.490384,3.316625,2
417,497.731414868106,222.642685851319,23.4940047961631,9.26927593759152,15.4099908088495,6.88049724131414,6.08596315058994,-75.631585927704,11.0512063959701,136.68418952338,-0.243554152474968,0.950756418972085,0.191686219107105,-0.67219214838305,-0.307941225840301,0.673297792273339,-0.699170287172145,-0.0351345017233712,-0.714091364129459,14.8417385455517,2.95882764298322,2.31493421689617,0.814453125,316.205732692212,497.84772509402,222.590000737409,23.6119755180296,65.0407673860911,0,373,0.853634099492815,168,0,6,2.57714,3.162278,2
383,585.080939947781,13.2819843342037,23.9843342036554,9.01017827271831,14.631370060504,7.78894277432735,5.23891138162216,4.49106327047454,7.29749853248654,29.5879533376899,-0.988854419033444,-0.0776693402270495,0.127021303515292,-0.00556736858749401,0.871839750757569,0.489759587354848,0.148781525617397,-0.483593757804705,0.86255500407063,13.3798118654633,3.79172684635915,1.71538702903064,0.851111111111111,301.803685287478,585.061147941382,13.0753663642708,24.2318998604327,59.8642297650131,0,364,0.845068866274825,170,0,9,2.785035,3.162278,2.236068
503,954.316103379722,419.081510934394,24.1729622266402,9.86710585983938,17.3417889233143,9.3940407188526,5.76094678151021,45.566101050945,-4.09085732427179,3.2981318534495,-0.698302240958055,-0.712239306549298,-0.0713382820029495,-0.715749190062758,0.695995740403553,0.0573848957881452,-0.008779362019208,-0.0911323188900861,0.995800092014583,18.7961026912992,5.51550006421629,2.07428173871205,0.731104651162791,394.531566380471,955.118009923562,419.92058468553,24.3635778463189,74.1252485089463,0,595,0.775260560975686,171,0,10,2.690303,3.162278,2
604,460.859271523179,768.170529801325,24.75,10.4876802674584,34.1603061482844,6.71588614416404,4.25854650607575,49.504411001022,-0.0879878888587893,-6.45744782537929,-0.6493887396884,-0.760455065378444,-0.00153567775886434,-0.755519210688151,0.645400892979874,-0.112465148476915,-0.0865158196347093,0.0718733669800442,0.993654483244496,72.9329072590322,2.81894541883591,1.13345114652562,0.826265389876881,517.884916482761,460.510580904981,767.830914478933,25.086364499829,435.778145695364,0,1698,0.667229881914055,172,0,21,2.477385,2.828427,1.732051
505,315.233663366337,587.730693069307,24.8970297029703,9.88016624021919,32.6517391221945,6.43487992639334,3.93148448362296,26.6429863570114,-0.687029463425169,-2.91155980048114,0.893753795570962,0.44839756632086,0.011990638849865,0.447306552406407,-0.892937368615751,0.0507907856197579,-0.0334813541660442,0.0400309661026062,0.998637331905883,66.6335042314907,2.58797997919374,0.966035640310507,0.748148148148148,462.933574269189,314.308255115194,586.111895814044,25.2199064408175,327.213861386139,0,1379,0.662460056681747,173,0,22,2.236466,2.828427,2
993,339.511581067472,258.956696878147,24.0715005035247,12.3779923152132,50.4270561988465,9.19351932587375,4.65679278922979,-59.3296860787817,4.30081436904978,-13.6775536884783,0.50866094332926,-0.857694648255609,-0.0749929002311157,-0.826679973481657,-0.510884050319672,0.23579166349414,0.240549924497503,0.0579428812077335,0.968905752042784,158.930499805101,5.2825498497009,1.35535744261391,0.565811965811966,820.08248784554,340.989632211177,257.093450062809,24.7855830700272,287.803625377644,0,1891,0.58693870855449,174,0,39,1.931064,3,1
749,591.455273698264,822.728971962617,25.0253671562083,11.2675042822062,48.4514061491037,7.0654226881811,3.50305193772049,82.6388062730067,-0.100038410902617,-2.78064342397312,0.128123715658135,0.991756656128044,0.00174599876159617,0.990579603031379,-0.128057060123982,0.0485122604152622,-0.0483359446390434,0.00448602029922322,0.998821061090387,146.721172364088,3.12001236016648,0.766960804897954,0.765848670756646,689.075684805354,592.154329396861,822.814641595877,25.3428896196864,153.86782376502,0,1040,0.578813178867215,175,0,36,2.019672,2.236068,2
412,657.907766990291,317.68932038835,25.1868932038835,9.23207940609967,26.3730393149181,8.41460871487143,3.20805529500916,28.8378405791064,-0.768779835332696,-1.26292218635841,0.87590946484102,0.482288901465392,0.0134173367410381,0.481956102064613,-0.875918161373069,0.02203838150832,-0.0223813557364564,0.0128370596371158,0.9996670869921,43.4710751691383,4.42535248902441,0.64322617348977,0.741007194244604,424.571876789816,658.76846600615,319.160334813803,25.4411171848309,142.087378640777,0,697,0.630663521684116,176,0,20,1.562132,2,1
516,739.242248062016,692.538759689922,25.1627906976744,9.95138876981622,36.5973807152042,7.98263247943273,3.23064021411852,-9.94766815253709,-0.769077837090144,1.38907160268029,0.984877214088657,-0.172733056069554,0.0134225373845149,-0.17237736241551,-0.984732705138178,-0.0242393143038059,-0.0174045423851985,-0.0215590067516854,0.999616071865715,83.7105172008498,3.98265133135591,0.652314762067484,0.732954545454545,530.105709359803,739.250887934979,692.694942583836,25.3769420173011,88.9399224806202,0,585,0.586887388570135,177,1,35,1.635504,2,1
